2.000000000000000111e-01
4.500000000000000111e-01
6.999999999999999556e-01
1.050000000000000044e+00
1.600000000000000089e+00
2.049999999999999822e+00
2.850000000000000089e+00
3.299999999999999822e+00
3.950000000000000178e+00
4.549999999999999822e+00
5.150000000000000355e+00
6.250000000000000000e+00
6.799999999999999822e+00
7.400000000000000355e+00
7.849999999999999645e+00
8.400000000000000355e+00
8.900000000000000355e+00
9.750000000000000000e+00
1.040000000000000036e+01
1.119999999999999929e+01
