7.249999999999999500e-02 1.362500000000000100e-01 1.287500000000000033e-01 7.749999999999999944e-02
2.061666666666667758e-01 3.327777777777777279e-01 3.380000000000000226e-01 2.111666666666666414e-01
2.474077380952380278e-01 3.369077380952381628e-01 3.576041666666667784e-01 2.435476190476189851e-01
2.674316720655391943e-01 3.956080418437399882e-01 4.267345389164609037e-01 2.826689042269705521e-01
3.210790084755603124e-01 4.556015546875877287e-01 4.897373119403152231e-01 3.352932279787119718e-01
3.280145023650875569e-01 4.815103970263113209e-01 5.123002897313448933e-01 3.412140956718658913e-01
3.532913602856729840e-01 5.020390840700159618e-01 5.292540634901486962e-01 3.682474701773075232e-01
3.734452045304040846e-01 5.069832233890172457e-01 5.419458622890968025e-01 3.849212993789487558e-01
4.041836562269128241e-01 5.535844450029963060e-01 5.805214472442404849e-01 4.139396764643193949e-01
3.944300777185058005e-01 5.421423343909114179e-01 5.769392251257745574e-01 4.109073766086140944e-01
3.989114140709488776e-01 5.515970642219540920e-01 5.891456960953368460e-01 4.158758211374110614e-01
4.075577057976305650e-01 5.647298711138860616e-01 5.951052478880023422e-01 4.188943810738546825e-01
4.075227334860503925e-01 5.717009541724565880e-01 6.080438538672485738e-01 4.231492739065790820e-01
4.200954727443113046e-01 5.821715686535250400e-01 6.151198267072163217e-01 4.325513044510087002e-01
4.357435117020261317e-01 5.952026533501814098e-01 6.257110114296686731e-01 4.460145401651189889e-01
4.358996968969608976e-01 5.917340255158165530e-01 6.274276692982464487e-01 4.483895063638403955e-01
4.278698659060805043e-01 5.974646125344397207e-01 6.282628509617071977e-01 4.406950217836266837e-01
4.446137527206329154e-01 6.072193712557386602e-01 6.465741151046600077e-01 4.575759070983819177e-01
4.335590959765888708e-01 5.985341334340540387e-01 6.328840110589185608e-01 4.463839420848203510e-01
4.481000117484225664e-01 6.182678164762194228e-01 6.538373235115914062e-01 4.624554898501819777e-01
