2.750000000000000361e-02 3.583333333333335591e-02 4.999999999999998890e-02 2.583333333333334009e-02
1.177777777777776549e-02 1.777777777777774654e-02 2.016269841269838561e-02 1.443253968253966832e-02
5.849247506550871688e-03 9.222318256026113686e-03 1.093971134982369559e-02 6.950604327008813241e-03
6.060797443739515331e-03 7.018685128100279717e-03 8.087513475164034155e-03 5.976971686436741843e-03
5.760336847903545568e-03 6.581351859324188237e-03 5.725973688485864327e-03 5.722843784629965194e-03
4.967511508667702552e-03 6.358318738185727778e-03 5.757160582786960933e-03 4.920949897008840453e-03
4.375702597123094437e-03 6.058398374006861500e-03 5.845209298122620856e-03 4.522362898479583525e-03
3.735236538196762615e-03 5.700938626617043856e-03 5.142159042756944999e-03 3.665741016808029499e-03
4.016313655899815017e-03 4.737482726396772051e-03 5.035403860639332298e-03 4.187090562932211345e-03
3.647453838124623676e-03 4.700569021272585184e-03 4.285229546988829873e-03 3.435596041467202030e-03
3.479973668579355861e-03 4.124585714968248724e-03 3.816300476993093795e-03 3.207055341994115641e-03
3.124242634764395291e-03 3.764786264318725761e-03 3.852837008635394064e-03 3.239592283272427122e-03
3.295700868867765861e-03 3.691624781178021696e-03 3.452934504548925160e-03 3.182509818599472528e-03
2.731591366733247730e-03 3.566986518958620723e-03 3.302282098674588599e-03 2.954369997788148638e-03
2.623425766316312031e-03 3.345975350278126547e-03 3.204322913648006109e-03 2.902449747984846458e-03
2.290195028626935969e-03 2.820117656609551476e-03 2.759871822873214992e-03 2.389033041296345292e-03
2.266960889128216521e-03 2.575318241930812241e-03 2.616469940818703065e-03 2.333186573588921699e-03
2.102735760630597243e-03 2.611880789977544335e-03 2.302212368280405399e-03 2.168584355060104024e-03
2.022168016398265961e-03 2.407748263329408545e-03 2.206738763075527868e-03 2.197216967689197969e-03
1.871467479706541773e-03 2.157948039018423719e-03 2.098573195259423926e-03 1.957070989021827967e-03
