5.575500000000002676e-02 8.065499999999997671e-02 1.312624999999996607e-02 5.819999999999993928e-02
7.140499999999999625e-02 1.073052000000000034e-01 1.720084999999997588e-02 7.494499999999999773e-02
8.381500000000004225e-02 1.218400000000000871e-01 1.969554999999998876e-02 8.614500000000005486e-02
8.630205000000000515e-02 1.293200000000001293e-01 2.081819999999997423e-02 9.000804999999997835e-02
8.872500000000003995e-02 1.350818999999999492e-01 2.195224999999997526e-02 9.398530000000000773e-02
8.991325000000008338e-02 1.367991500000001193e-01 2.213104999999997158e-02 9.475114999999995069e-02
9.171919999999994522e-02 1.379718500000000070e-01 2.207649999999998849e-02 9.614145000000007268e-02
9.419675000000003739e-02 1.389887500000000775e-01 2.253889999999997631e-02 9.837485000000004143e-02
9.417215000000006553e-02 1.419719000000000120e-01 2.282084999999997588e-02 9.832715000000008532e-02
9.494514999999995042e-02 1.426206500000001542e-01 2.304349999999996332e-02 1.000902000000000874e-01
9.619109999999997385e-02 1.437744500000001091e-01 2.333119999999999639e-02 1.007816500000000143e-01
9.713780000000001025e-02 1.457647500000000818e-01 2.343269999999999034e-02 1.009252000000000205e-01
9.672385000000001398e-02 1.459071999999999869e-01 2.364854999999999041e-02 1.008558500000000524e-01
9.844180000000000985e-02 1.481955000000000910e-01 2.382224999999999621e-02 1.019873500000000044e-01
9.832730000000004800e-02 1.485132500000000688e-01 2.374375000000001137e-02 1.018404500000000684e-01
9.981355000000005639e-02 1.501786000000000787e-01 2.418979999999998007e-02 1.036566000000000709e-01
9.960290000000003585e-02 1.511573000000000500e-01 2.422314999999998497e-02 1.035352500000000647e-01
1.003046499999999952e-01 1.513755500000000531e-01 2.467570000000000874e-02 1.043223000000000622e-01
1.013055000000001038e-01 1.524033500000000485e-01 2.459994999999998849e-02 1.052558000000000521e-01
1.015216500000000605e-01 1.541858500000000687e-01 2.471879999999999217e-02 1.055165500000000145e-01
