5.407575757575755482e-01
3.934848484848481598e-01
3.139393939393938515e-01
2.887878787878787046e-01
2.668181818181818432e-01
2.456060606060606888e-01
2.292424242424243586e-01
2.292424242424243863e-01
2.109090909090909627e-01
2.022727272727274372e-01
2.057575757575759168e-01
1.892424242424244341e-01
1.875757575757577844e-01
1.840909090909092494e-01
1.837878787878789721e-01
1.771212121212122903e-01
1.807575757575759223e-01
1.713636363636365512e-01
1.734848484848486305e-01
1.718181818181819531e-01
1.701515151515153035e-01
1.724242424242425631e-01
1.700000000000000955e-01
1.640909090909092316e-01
1.680303030303032241e-01
1.651515151515154101e-01
1.634848484848486772e-01
1.610606060606062928e-01
1.631818181818183444e-01
1.598484848484850451e-01
1.593939393939395321e-01
1.603030303030305026e-01
1.616666666666668473e-01
1.565151515151516626e-01
1.595454545454546846e-01
1.600000000000001421e-01
1.609090909090911126e-01
1.580303030303032152e-01
1.598484848484849064e-01
1.543939393939395832e-01
1.571212121212123281e-01
1.595454545454547401e-01
1.569696969696971756e-01
1.527272727272729058e-01
1.554545454545456507e-01
1.580303030303031597e-01
1.562121212121214131e-01
1.512121212121213254e-01
1.501515151515153690e-01
1.542424242424244585e-01
