4.425770308123248148e-03
3.865546218487393628e-03
4.187675070028010378e-03
3.739495798319324941e-03
3.599439775910363154e-03
3.977591036414563144e-03
3.459383753501398765e-03
3.137254901960782015e-03
2.983193277310921925e-03
3.739495798319324941e-03
2.913165266106441248e-03
2.899159663865544245e-03
2.787114845938374295e-03
3.417366946778708191e-03
3.165266106442574719e-03
2.815126050420165699e-03
2.436974789915964841e-03
2.198879551820727071e-03
2.717086834733891884e-03
2.521008403361343821e-03
2.352941176470587162e-03
2.002801120448177707e-03
2.170868347338934801e-03
2.380952380952379866e-03
2.142857142857142096e-03
2.058823529411763983e-03
2.296918767507000886e-03
2.030812324929970845e-03
2.114845938375348525e-03
2.184873949579830936e-03
2.128851540616245094e-03
2.226890756302520209e-03
1.596638655462183929e-03
2.128851540616244660e-03
1.876750700280110972e-03
1.974789915966386304e-03
2.002801120448178575e-03
1.540616246498598086e-03
2.100840336134454124e-03
1.918767507002799595e-03
1.918767507002800462e-03
1.792717086834733076e-03
1.638655462184872768e-03
1.792717086834732859e-03
1.554621848739495089e-03
1.806722689075629428e-03
1.526610644257701734e-03
1.876750700280110972e-03
1.904761904761904110e-03
1.750700280112044236e-03
