6.501600000000000608e-03
6.962400000000000533e-03
6.785900000000000092e-03
8.893600000000001504e-03
9.956500000000001807e-03
1.081090000000000176e-02
1.198019999999999467e-02
1.366649999999999636e-02
1.418619999999999604e-02
1.498829999999999607e-02
1.672539999999999097e-02
1.686479999999999230e-02
1.858559999999999032e-02
1.924869999999998665e-02
2.046619999999999343e-02
2.142149999999999610e-02
2.273889999999998551e-02
2.318979999999999653e-02
2.455699999999999203e-02
2.561089999999999200e-02
2.681769999999998599e-02
2.781539999999998666e-02
2.946839999999998141e-02
2.950829999999999426e-02
3.130649999999999405e-02
3.206639999999999491e-02
3.281289999999999207e-02
3.409559999999998980e-02
3.547499999999999265e-02
3.610970000000000152e-02
3.682999999999999469e-02
3.839000000000000051e-02
3.968659999999998855e-02
3.965439999999998549e-02
4.134260000000000018e-02
4.342219999999999414e-02
4.480069999999999886e-02
4.519410000000000788e-02
4.601639999999999897e-02
4.708399999999998697e-02
4.801659999999999956e-02
5.088000000000000161e-02
5.036689999999999917e-02
5.115000000000000102e-02
5.260000000000002174e-02
5.426000000000000961e-02
5.479000000000001230e-02
5.531089999999999618e-02
5.524320000000004088e-02
5.816720000000000224e-02
