0.000000000000000000e+00 0.000000000000000000e+00 0.000000000000000000e+00
0.000000000000000000e+00 0.000000000000000000e+00 0.000000000000000000e+00
0.000000000000000000e+00 0.000000000000000000e+00 0.000000000000000000e+00
0.000000000000000000e+00 0.000000000000000000e+00 0.000000000000000000e+00
0.000000000000000000e+00 0.000000000000000000e+00 0.000000000000000000e+00
0.000000000000000000e+00 0.000000000000000000e+00 0.000000000000000000e+00
0.000000000000000000e+00 0.000000000000000000e+00 0.000000000000000000e+00
0.000000000000000000e+00 0.000000000000000000e+00 0.000000000000000000e+00
0.000000000000000000e+00 0.000000000000000000e+00 0.000000000000000000e+00
0.000000000000000000e+00 0.000000000000000000e+00 0.000000000000000000e+00
0.000000000000000000e+00 0.000000000000000000e+00 0.000000000000000000e+00
0.000000000000000000e+00 0.000000000000000000e+00 0.000000000000000000e+00
0.000000000000000000e+00 0.000000000000000000e+00 0.000000000000000000e+00
0.000000000000000000e+00 0.000000000000000000e+00 0.000000000000000000e+00
0.000000000000000000e+00 0.000000000000000000e+00 0.000000000000000000e+00
1.000000000000000021e-02 0.000000000000000000e+00 0.000000000000000000e+00
6.000000000000000472e-02 0.000000000000000000e+00 0.000000000000000000e+00
1.099999999999999867e-01 0.000000000000000000e+00 0.000000000000000000e+00
3.200000000000001177e-01 0.000000000000000000e+00 0.000000000000000000e+00
4.500000000000002331e-01 0.000000000000000000e+00 0.000000000000000000e+00
6.300000000000003375e-01 0.000000000000000000e+00 0.000000000000000000e+00
8.000000000000004885e-01 0.000000000000000000e+00 0.000000000000000000e+00
8.400000000000005240e-01 0.000000000000000000e+00 0.000000000000000000e+00
9.000000000000005773e-01 0.000000000000000000e+00 0.000000000000000000e+00
9.600000000000006306e-01 0.000000000000000000e+00 0.000000000000000000e+00
9.500000000000006217e-01 0.000000000000000000e+00 0.000000000000000000e+00
9.900000000000006573e-01 0.000000000000000000e+00 0.000000000000000000e+00
9.900000000000006573e-01 0.000000000000000000e+00 0.000000000000000000e+00
1.000000000000000666e+00 0.000000000000000000e+00 0.000000000000000000e+00
1.000000000000000666e+00 0.000000000000000000e+00 0.000000000000000000e+00
1.000000000000000666e+00 0.000000000000000000e+00 0.000000000000000000e+00
1.000000000000000666e+00 0.000000000000000000e+00 0.000000000000000000e+00
1.000000000000000666e+00 0.000000000000000000e+00 0.000000000000000000e+00
1.000000000000000666e+00 0.000000000000000000e+00 0.000000000000000000e+00
1.000000000000000666e+00 0.000000000000000000e+00 0.000000000000000000e+00
1.000000000000000666e+00 1.000000000000000021e-02 0.000000000000000000e+00
1.000000000000000666e+00 2.000000000000000042e-02 0.000000000000000000e+00
1.000000000000000666e+00 6.000000000000000472e-02 0.000000000000000000e+00
1.000000000000000666e+00 6.000000000000000472e-02 0.000000000000000000e+00
1.000000000000000666e+00 1.099999999999999867e-01 0.000000000000000000e+00
1.000000000000000666e+00 2.200000000000000566e-01 0.000000000000000000e+00
1.000000000000000666e+00 2.600000000000000644e-01 2.000000000000000042e-02
1.000000000000000666e+00 3.900000000000001799e-01 0.000000000000000000e+00
1.000000000000000666e+00 5.400000000000002576e-01 2.999999999999999889e-02
1.000000000000000666e+00 5.600000000000002753e-01 2.999999999999999889e-02
1.000000000000000666e+00 6.800000000000003819e-01 7.000000000000000666e-02
1.000000000000000666e+00 6.600000000000003642e-01 9.999999999999999167e-02
1.000000000000000666e+00 7.900000000000004796e-01 1.499999999999999944e-01
1.000000000000000666e+00 8.900000000000005684e-01 2.000000000000000389e-01
1.000000000000000666e+00 8.300000000000005151e-01 2.600000000000000644e-01
1.000000000000000666e+00 9.000000000000005773e-01 2.900000000000000910e-01
1.000000000000000666e+00 9.700000000000006395e-01 3.400000000000001354e-01
1.000000000000000666e+00 9.100000000000005862e-01 4.100000000000001976e-01
1.000000000000000666e+00 9.600000000000006306e-01 5.300000000000002487e-01
1.000000000000000666e+00 9.700000000000006395e-01 5.500000000000002665e-01
1.000000000000000666e+00 9.800000000000006484e-01 6.200000000000003286e-01
1.000000000000000666e+00 9.700000000000006395e-01 6.300000000000003375e-01
1.000000000000000666e+00 9.900000000000006573e-01 7.500000000000004441e-01
1.000000000000000666e+00 9.900000000000006573e-01 8.200000000000005063e-01
1.000000000000000666e+00 1.000000000000000666e+00 8.600000000000005418e-01
1.000000000000000666e+00 9.900000000000006573e-01 8.300000000000005151e-01
1.000000000000000666e+00 1.000000000000000666e+00 9.000000000000005773e-01
1.000000000000000666e+00 9.900000000000006573e-01 9.300000000000006040e-01
1.000000000000000666e+00 9.900000000000006573e-01 9.200000000000005951e-01
9.900000000000006573e-01 9.900000000000006573e-01 9.300000000000006040e-01
9.900000000000006573e-01 1.000000000000000666e+00 9.700000000000006395e-01
1.000000000000000666e+00 1.000000000000000666e+00 9.600000000000006306e-01
1.000000000000000666e+00 1.000000000000000666e+00 9.900000000000006573e-01
1.000000000000000666e+00 1.000000000000000666e+00 9.900000000000006573e-01
9.900000000000006573e-01 1.000000000000000666e+00 9.900000000000006573e-01
1.000000000000000666e+00 1.000000000000000666e+00 9.900000000000006573e-01
1.000000000000000666e+00 1.000000000000000666e+00 9.800000000000006484e-01
1.000000000000000666e+00 1.000000000000000666e+00 1.000000000000000666e+00
1.000000000000000666e+00 1.000000000000000666e+00 9.900000000000006573e-01
1.000000000000000666e+00 1.000000000000000666e+00 9.800000000000006484e-01
1.000000000000000666e+00 1.000000000000000666e+00 1.000000000000000666e+00
1.000000000000000666e+00 1.000000000000000666e+00 1.000000000000000666e+00
1.000000000000000666e+00 1.000000000000000666e+00 9.900000000000006573e-01
1.000000000000000666e+00 1.000000000000000666e+00 1.000000000000000666e+00
1.000000000000000666e+00 1.000000000000000666e+00 1.000000000000000666e+00
1.000000000000000666e+00 1.000000000000000666e+00 1.000000000000000666e+00
1.000000000000000666e+00 1.000000000000000666e+00 1.000000000000000666e+00
1.000000000000000666e+00 1.000000000000000666e+00 1.000000000000000666e+00
1.000000000000000666e+00 1.000000000000000666e+00 1.000000000000000666e+00
9.900000000000006573e-01 9.900000000000006573e-01 1.000000000000000666e+00
1.000000000000000666e+00 9.900000000000006573e-01 1.000000000000000666e+00
1.000000000000000666e+00 9.900000000000006573e-01 1.000000000000000666e+00
1.000000000000000666e+00 1.000000000000000666e+00 1.000000000000000666e+00
1.000000000000000666e+00 9.900000000000006573e-01 1.000000000000000666e+00
9.900000000000006573e-01 1.000000000000000666e+00 1.000000000000000666e+00
1.000000000000000666e+00 1.000000000000000666e+00 1.000000000000000666e+00
1.000000000000000666e+00 1.000000000000000666e+00 1.000000000000000666e+00
1.000000000000000666e+00 1.000000000000000666e+00 1.000000000000000666e+00
1.000000000000000666e+00 9.900000000000006573e-01 1.000000000000000666e+00
1.000000000000000666e+00 9.900000000000006573e-01 1.000000000000000666e+00
1.000000000000000666e+00 1.000000000000000666e+00 1.000000000000000666e+00
1.000000000000000666e+00 1.000000000000000666e+00 1.000000000000000666e+00
1.000000000000000666e+00 9.900000000000006573e-01 1.000000000000000666e+00
9.900000000000006573e-01 1.000000000000000666e+00 1.000000000000000666e+00
1.000000000000000666e+00 1.000000000000000666e+00 1.000000000000000666e+00
1.000000000000000666e+00 1.000000000000000666e+00 1.000000000000000666e+00
1.000000000000000666e+00 9.900000000000006573e-01 1.000000000000000666e+00
1.000000000000000666e+00 9.900000000000006573e-01 1.000000000000000666e+00
1.000000000000000666e+00 1.000000000000000666e+00 1.000000000000000666e+00
1.000000000000000666e+00 9.900000000000006573e-01 1.000000000000000666e+00
1.000000000000000666e+00 1.000000000000000666e+00 1.000000000000000666e+00
1.000000000000000666e+00 1.000000000000000666e+00 1.000000000000000666e+00
1.000000000000000666e+00 1.000000000000000666e+00 1.000000000000000666e+00
1.000000000000000666e+00 1.000000000000000666e+00 9.900000000000006573e-01
9.900000000000006573e-01 9.900000000000006573e-01 1.000000000000000666e+00
1.000000000000000666e+00 9.900000000000006573e-01 1.000000000000000666e+00
9.900000000000006573e-01 1.000000000000000666e+00 1.000000000000000666e+00
1.000000000000000666e+00 1.000000000000000666e+00 1.000000000000000666e+00
1.000000000000000666e+00 1.000000000000000666e+00 1.000000000000000666e+00
1.000000000000000666e+00 1.000000000000000666e+00 9.800000000000006484e-01
1.000000000000000666e+00 1.000000000000000666e+00 1.000000000000000666e+00
1.000000000000000666e+00 1.000000000000000666e+00 9.900000000000006573e-01
9.900000000000006573e-01 1.000000000000000666e+00 1.000000000000000666e+00
1.000000000000000666e+00 1.000000000000000666e+00 1.000000000000000666e+00
9.900000000000006573e-01 9.800000000000006484e-01 9.900000000000006573e-01
1.000000000000000666e+00 9.900000000000006573e-01 1.000000000000000666e+00
1.000000000000000666e+00 9.800000000000006484e-01 1.000000000000000666e+00
1.000000000000000666e+00 1.000000000000000666e+00 1.000000000000000666e+00
1.000000000000000666e+00 1.000000000000000666e+00 1.000000000000000666e+00
1.000000000000000666e+00 9.800000000000006484e-01 1.000000000000000666e+00
1.000000000000000666e+00 1.000000000000000666e+00 9.900000000000006573e-01
1.000000000000000666e+00 1.000000000000000666e+00 1.000000000000000666e+00
1.000000000000000666e+00 9.900000000000006573e-01 9.900000000000006573e-01
1.000000000000000666e+00 1.000000000000000666e+00 1.000000000000000666e+00
1.000000000000000666e+00 9.800000000000006484e-01 1.000000000000000666e+00
1.000000000000000666e+00 1.000000000000000666e+00 9.900000000000006573e-01
1.000000000000000666e+00 9.700000000000006395e-01 1.000000000000000666e+00
1.000000000000000666e+00 9.900000000000006573e-01 1.000000000000000666e+00
1.000000000000000666e+00 9.800000000000006484e-01 9.900000000000006573e-01
1.000000000000000666e+00 9.900000000000006573e-01 1.000000000000000666e+00
1.000000000000000666e+00 1.000000000000000666e+00 1.000000000000000666e+00
1.000000000000000666e+00 1.000000000000000666e+00 9.900000000000006573e-01
1.000000000000000666e+00 1.000000000000000666e+00 1.000000000000000666e+00
1.000000000000000666e+00 1.000000000000000666e+00 9.900000000000006573e-01
1.000000000000000666e+00 9.800000000000006484e-01 9.900000000000006573e-01
1.000000000000000666e+00 9.900000000000006573e-01 1.000000000000000666e+00
1.000000000000000666e+00 9.900000000000006573e-01 1.000000000000000666e+00
1.000000000000000666e+00 1.000000000000000666e+00 1.000000000000000666e+00
1.000000000000000666e+00 1.000000000000000666e+00 1.000000000000000666e+00
1.000000000000000666e+00 1.000000000000000666e+00 1.000000000000000666e+00
1.000000000000000666e+00 1.000000000000000666e+00 1.000000000000000666e+00
1.000000000000000666e+00 9.700000000000006395e-01 1.000000000000000666e+00
1.000000000000000666e+00 1.000000000000000666e+00 1.000000000000000666e+00
1.000000000000000666e+00 1.000000000000000666e+00 9.900000000000006573e-01
