4.000000000000000000e+00
9.250000000000000000e+00
1.444999999999999929e+01
2.175000000000000000e+01
3.100000000000000000e+01
4.160000000000000142e+01
5.325000000000000000e+01
6.634999999999999432e+01
8.115000000000000568e+01
9.529999999999999716e+01
1.067000000000000028e+02
1.200999999999999943e+02
1.332500000000000000e+02
1.451500000000000057e+02
1.583499999999999943e+02
1.708499999999999943e+02
1.816500000000000057e+02
1.935500000000000114e+02
2.097500000000000000e+02
2.205500000000000114e+02
