3.749999999999999861e-03 1.000000000000000021e-02 1.625000000000000056e-02
2.161111111111111566e-02 3.222222222222217991e-02 4.066666666666660102e-02
3.574702380952377023e-02 4.993154761904754907e-02 6.119642857142849196e-02
2.853801995106343761e-02 4.828296160361369993e-02 5.947788443440615164e-02
4.271096719887040871e-02 6.569135318704283355e-02 8.256247612386380386e-02
4.029329800990012755e-02 5.812676773059059776e-02 7.369607142450021464e-02
5.478500853506346885e-02 7.981344950521800097e-02 9.225386545036692865e-02
5.411784688152076334e-02 8.038501944997518411e-02 1.005004014220953062e-01
6.069200542401602394e-02 9.064292514807367751e-02 1.056484244470046324e-01
7.137778299880163935e-02 9.898484216450743889e-02 1.121437693222683829e-01
6.073687598222158451e-02 9.462400850914988448e-02 1.068611979280235380e-01
6.990788006075106253e-02 1.041047626795409131e-01 1.172189208997537202e-01
5.671667883957413892e-02 8.327367680837992336e-02 9.461558902680194949e-02
6.316125325117931399e-02 9.637156860923011548e-02 1.086660542873263691e-01
7.461593764321683420e-02 1.059814838670374987e-01 1.181169060571125723e-01
6.761402968782644074e-02 1.025927560083201573e-01 1.159403421185997013e-01
7.117199222129833025e-02 1.013663269775761516e-01 1.111189637315106726e-01
6.679606417936029272e-02 9.616582432249749790e-02 1.073216769840734247e-01
6.837505560724087272e-02 9.660352650730122392e-02 1.099515958708329189e-01
7.447881964935602894e-02 1.071722675688561027e-01 1.189399422408869422e-01
