8.333333333333332784e-04 6.666666666666666227e-03 4.999999999999999237e-03
2.242063492063492685e-03 2.797619047619048348e-03 2.111111111111111781e-03
1.378537816740063593e-03 2.534201753302876923e-03 1.377289377289377115e-03
1.219410484213117934e-03 2.315328103971935406e-03 1.813092783140696045e-03
1.412952006295127051e-03 2.082449999956369115e-03 1.709373328914771646e-03
1.133224071951406588e-03 1.883294850160933172e-03 1.399185171355578437e-03
1.327927826845065953e-03 1.900287119533521606e-03 1.421289641187306434e-03
1.205464011999432539e-03 2.159074067930354026e-03 1.197364507850439026e-03
1.249227564141498813e-03 1.837883685234326103e-03 1.529808970271771037e-03
1.039906922679037938e-03 1.624815689362408026e-03 1.363580968792124084e-03
1.226194781228601453e-03 1.454717182637903401e-03 1.226241750207703778e-03
1.039537642107490759e-03 1.436806178259988692e-03 1.239808912929878625e-03
8.581227469324329048e-04 1.320049515987196335e-03 1.083991476772566166e-03
8.545612925800615163e-04 1.211299445033380690e-03 1.057205334758342871e-03
8.847712445579005314e-04 1.148697813577482249e-03 9.498064749982374454e-04
8.381551190517636061e-04 1.186073672657687091e-03 1.018797795855763124e-03
6.064334838669677326e-04 8.603921278020236008e-04 8.352331542771305713e-04
5.930344370234757719e-04 9.616124404197970215e-04 7.963948742900435387e-04
5.792751897325954923e-04 9.564139340537339143e-04 7.225943652194740351e-04
5.762086897106931090e-04 7.843476330133870595e-04 6.311171460478084451e-04
