7.770449999999985181e-03 1.217499999999998098e-02 2.330100000000002048e-03
9.879999999999977342e-03 1.469499999999995116e-02 2.792650000000001988e-03
1.136179999999997574e-02 1.763064999999997343e-02 3.088750000000001650e-03
1.218619999999998038e-02 1.777004999999998169e-02 3.227750000000001885e-03
1.288094999999997610e-02 1.904204999999998052e-02 3.418400000000002426e-03
1.352359999999998286e-02 1.981294999999998543e-02 3.509450000000002498e-03
1.347914999999998489e-02 1.983634999999996790e-02 3.423400000000001355e-03
1.339769999999997768e-02 1.944729999999997988e-02 3.439399999999999576e-03
1.339019999999998926e-02 2.001194999999997975e-02 3.374100000000001404e-03
1.407659999999997733e-02 2.025339999999997698e-02 3.425349999999999749e-03
1.389389999999997641e-02 2.098289999999998143e-02 3.534800000000000268e-03
1.375904999999998102e-02 2.028754999999998060e-02 3.444500000000001814e-03
1.407034999999996934e-02 2.056344999999997619e-02 3.476400000000002318e-03
1.373339999999998069e-02 2.077899999999998845e-02 3.438400000000000744e-03
1.388764999999998750e-02 2.048499999999998586e-02 3.471950000000000123e-03
1.357754999999997818e-02 2.017249999999997170e-02 3.419349999999999820e-03
1.407429999999997711e-02 2.105004999999997642e-02 3.479699999999999634e-03
1.425159999999998234e-02 2.073469999999999827e-02 3.420950000000001594e-03
1.434884999999997551e-02 2.089969999999998287e-02 3.531300000000001105e-03
1.399644999999998321e-02 2.095789999999997724e-02 3.491600000000000086e-03
