0.000000000000000000e+00 0.000000000000000000e+00 0.000000000000000000e+00
0.000000000000000000e+00 0.000000000000000000e+00 0.000000000000000000e+00
0.000000000000000000e+00 0.000000000000000000e+00 0.000000000000000000e+00
0.000000000000000000e+00 0.000000000000000000e+00 0.000000000000000000e+00
0.000000000000000000e+00 0.000000000000000000e+00 0.000000000000000000e+00
0.000000000000000000e+00 0.000000000000000000e+00 0.000000000000000000e+00
0.000000000000000000e+00 0.000000000000000000e+00 0.000000000000000000e+00
0.000000000000000000e+00 0.000000000000000000e+00 0.000000000000000000e+00
0.000000000000000000e+00 0.000000000000000000e+00 0.000000000000000000e+00
2.000000000000000042e-02 0.000000000000000000e+00 0.000000000000000000e+00
5.000000000000000278e-02 0.000000000000000000e+00 0.000000000000000000e+00
2.600000000000000644e-01 0.000000000000000000e+00 0.000000000000000000e+00
5.200000000000002398e-01 8.000000000000000167e-02 0.000000000000000000e+00
7.300000000000004263e-01 3.100000000000001088e-01 0.000000000000000000e+00
8.700000000000005507e-01 5.800000000000002931e-01 0.000000000000000000e+00
9.200000000000005951e-01 8.100000000000004974e-01 0.000000000000000000e+00
9.900000000000006573e-01 9.300000000000006040e-01 0.000000000000000000e+00
1.000000000000000666e+00 9.900000000000006573e-01 0.000000000000000000e+00
9.900000000000006573e-01 9.900000000000006573e-01 0.000000000000000000e+00
1.000000000000000666e+00 9.900000000000006573e-01 0.000000000000000000e+00
1.000000000000000666e+00 9.900000000000006573e-01 0.000000000000000000e+00
1.000000000000000666e+00 1.000000000000000666e+00 0.000000000000000000e+00
9.900000000000006573e-01 9.900000000000006573e-01 0.000000000000000000e+00
9.900000000000006573e-01 1.000000000000000666e+00 0.000000000000000000e+00
1.000000000000000666e+00 1.000000000000000666e+00 1.000000000000000021e-02
9.900000000000006573e-01 1.000000000000000666e+00 1.000000000000000021e-02
1.000000000000000666e+00 1.000000000000000666e+00 4.000000000000000083e-02
9.800000000000006484e-01 9.900000000000006573e-01 4.000000000000000083e-02
9.900000000000006573e-01 9.900000000000006573e-01 7.000000000000000666e-02
9.800000000000006484e-01 9.900000000000006573e-01 4.000000000000000083e-02
1.000000000000000666e+00 1.000000000000000666e+00 2.200000000000000566e-01
9.900000000000006573e-01 9.900000000000006573e-01 2.500000000000000555e-01
9.800000000000006484e-01 1.000000000000000666e+00 3.000000000000000999e-01
1.000000000000000666e+00 1.000000000000000666e+00 4.700000000000002509e-01
9.700000000000006395e-01 9.800000000000006484e-01 6.000000000000003109e-01
9.900000000000006573e-01 9.900000000000006573e-01 6.700000000000003730e-01
9.900000000000006573e-01 1.000000000000000666e+00 7.000000000000003997e-01
1.000000000000000666e+00 1.000000000000000666e+00 8.100000000000004974e-01
9.900000000000006573e-01 1.000000000000000666e+00 8.800000000000005596e-01
9.900000000000006573e-01 1.000000000000000666e+00 8.500000000000005329e-01
1.000000000000000666e+00 1.000000000000000666e+00 9.600000000000006306e-01
1.000000000000000666e+00 1.000000000000000666e+00 9.700000000000006395e-01
9.900000000000006573e-01 9.900000000000006573e-01 9.500000000000006217e-01
1.000000000000000666e+00 1.000000000000000666e+00 9.900000000000006573e-01
9.900000000000006573e-01 9.900000000000006573e-01 9.600000000000006306e-01
1.000000000000000666e+00 1.000000000000000666e+00 9.900000000000006573e-01
1.000000000000000666e+00 1.000000000000000666e+00 9.900000000000006573e-01
9.900000000000006573e-01 1.000000000000000666e+00 9.800000000000006484e-01
9.900000000000006573e-01 9.900000000000006573e-01 1.000000000000000666e+00
9.900000000000006573e-01 1.000000000000000666e+00 1.000000000000000666e+00
9.600000000000006306e-01 9.900000000000006573e-01 1.000000000000000666e+00
1.000000000000000666e+00 1.000000000000000666e+00 9.900000000000006573e-01
1.000000000000000666e+00 1.000000000000000666e+00 9.900000000000006573e-01
9.900000000000006573e-01 1.000000000000000666e+00 1.000000000000000666e+00
1.000000000000000666e+00 1.000000000000000666e+00 1.000000000000000666e+00
1.000000000000000666e+00 1.000000000000000666e+00 1.000000000000000666e+00
9.900000000000006573e-01 1.000000000000000666e+00 1.000000000000000666e+00
9.800000000000006484e-01 9.900000000000006573e-01 9.800000000000006484e-01
1.000000000000000666e+00 1.000000000000000666e+00 1.000000000000000666e+00
