1.000000000000000000e+02
3.000000000000000000e+02
5.000000000000000000e+02
7.000000000000000000e+02
9.000000000000000000e+02
1.100000000000000000e+03
1.300000000000000000e+03
1.500000000000000000e+03
1.700000000000000000e+03
1.900000000000000000e+03
2.100000000000000000e+03
2.300000000000000000e+03
2.500000000000000000e+03
2.700000000000000000e+03
2.900000000000000000e+03
3.100000000000000000e+03
3.300000000000000000e+03
3.500000000000000000e+03
3.700000000000000000e+03
3.900000000000000000e+03
4.100000000000000000e+03
4.300000000000000000e+03
4.500000000000000000e+03
4.700000000000000000e+03
4.900000000000000000e+03
5.100000000000000000e+03
5.300000000000000000e+03
5.500000000000000000e+03
5.700000000000000000e+03
5.900000000000000000e+03
6.100000000000000000e+03
6.300000000000000000e+03
6.500000000000000000e+03
6.700000000000000000e+03
6.900000000000000000e+03
7.100000000000000000e+03
7.300000000000000000e+03
7.500000000000000000e+03
7.700000000000000000e+03
7.900000000000000000e+03
8.100000000000000000e+03
8.300000000000000000e+03
8.500000000000000000e+03
8.700000000000000000e+03
8.900000000000000000e+03
9.100000000000000000e+03
9.300000000000000000e+03
9.500000000000000000e+03
9.700000000000000000e+03
9.900000000000000000e+03
1.010000000000000000e+04
1.030000000000000000e+04
1.050000000000000000e+04
1.070000000000000000e+04
1.090000000000000000e+04
1.110000000000000000e+04
1.130000000000000000e+04
1.150000000000000000e+04
1.170000000000000000e+04
1.190000000000000000e+04
1.210000000000000000e+04
1.230000000000000000e+04
1.250000000000000000e+04
1.270000000000000000e+04
1.290000000000000000e+04
1.310000000000000000e+04
1.330000000000000000e+04
1.350000000000000000e+04
1.370000000000000000e+04
1.390000000000000000e+04
1.410000000000000000e+04
1.430000000000000000e+04
1.450000000000000000e+04
1.470000000000000000e+04
1.490000000000000000e+04
