0.000000000000000000e+00
0.000000000000000000e+00
0.000000000000000000e+00
0.000000000000000000e+00
0.000000000000000000e+00
0.000000000000000000e+00
0.000000000000000000e+00
0.000000000000000000e+00
0.000000000000000000e+00
0.000000000000000000e+00
0.000000000000000000e+00
0.000000000000000000e+00
0.000000000000000000e+00
0.000000000000000000e+00
0.000000000000000000e+00
0.000000000000000000e+00
0.000000000000000000e+00
0.000000000000000000e+00
0.000000000000000000e+00
0.000000000000000000e+00
0.000000000000000000e+00
0.000000000000000000e+00
0.000000000000000000e+00
0.000000000000000000e+00
0.000000000000000000e+00
0.000000000000000000e+00
0.000000000000000000e+00
0.000000000000000000e+00
0.000000000000000000e+00
0.000000000000000000e+00
0.000000000000000000e+00
0.000000000000000000e+00
0.000000000000000000e+00
0.000000000000000000e+00
0.000000000000000000e+00
0.000000000000000000e+00
0.000000000000000000e+00
0.000000000000000000e+00
0.000000000000000000e+00
0.000000000000000000e+00
0.000000000000000000e+00
0.000000000000000000e+00
0.000000000000000000e+00
0.000000000000000000e+00
0.000000000000000000e+00
0.000000000000000000e+00
0.000000000000000000e+00
2.000000000000000042e-02
1.000000000000000021e-02
2.000000000000000042e-02
2.000000000000000042e-02
1.099999999999999867e-01
2.200000000000000566e-01
1.700000000000000122e-01
2.600000000000000644e-01
3.800000000000001710e-01
3.600000000000001532e-01
5.000000000000002220e-01
6.100000000000003197e-01
7.400000000000004352e-01
6.700000000000003730e-01
7.700000000000004619e-01
8.100000000000004974e-01
8.500000000000005329e-01
8.200000000000005063e-01
8.600000000000005418e-01
8.300000000000005151e-01
8.800000000000005596e-01
8.800000000000005596e-01
8.700000000000005507e-01
8.600000000000005418e-01
9.500000000000006217e-01
9.000000000000005773e-01
9.700000000000006395e-01
9.500000000000006217e-01
9.600000000000006306e-01
9.500000000000006217e-01
9.900000000000006573e-01
9.400000000000006128e-01
9.300000000000006040e-01
9.300000000000006040e-01
9.700000000000006395e-01
9.700000000000006395e-01
9.600000000000006306e-01
9.600000000000006306e-01
9.900000000000006573e-01
9.600000000000006306e-01
9.500000000000006217e-01
9.400000000000006128e-01
9.300000000000006040e-01
9.800000000000006484e-01
9.600000000000006306e-01
9.200000000000005951e-01
9.600000000000006306e-01
9.500000000000006217e-01
9.600000000000006306e-01
9.300000000000006040e-01
9.900000000000006573e-01
9.500000000000006217e-01
