0.000000000000000000e+00 0.000000000000000000e+00 0.000000000000000000e+00
0.000000000000000000e+00 0.000000000000000000e+00 0.000000000000000000e+00
0.000000000000000000e+00 0.000000000000000000e+00 0.000000000000000000e+00
0.000000000000000000e+00 0.000000000000000000e+00 0.000000000000000000e+00
0.000000000000000000e+00 0.000000000000000000e+00 0.000000000000000000e+00
0.000000000000000000e+00 0.000000000000000000e+00 0.000000000000000000e+00
0.000000000000000000e+00 0.000000000000000000e+00 0.000000000000000000e+00
0.000000000000000000e+00 0.000000000000000000e+00 0.000000000000000000e+00
0.000000000000000000e+00 0.000000000000000000e+00 0.000000000000000000e+00
0.000000000000000000e+00 0.000000000000000000e+00 0.000000000000000000e+00
0.000000000000000000e+00 0.000000000000000000e+00 0.000000000000000000e+00
0.000000000000000000e+00 0.000000000000000000e+00 0.000000000000000000e+00
0.000000000000000000e+00 0.000000000000000000e+00 0.000000000000000000e+00
0.000000000000000000e+00 0.000000000000000000e+00 0.000000000000000000e+00
0.000000000000000000e+00 0.000000000000000000e+00 0.000000000000000000e+00
0.000000000000000000e+00 0.000000000000000000e+00 0.000000000000000000e+00
0.000000000000000000e+00 0.000000000000000000e+00 0.000000000000000000e+00
0.000000000000000000e+00 0.000000000000000000e+00 0.000000000000000000e+00
0.000000000000000000e+00 0.000000000000000000e+00 0.000000000000000000e+00
0.000000000000000000e+00 0.000000000000000000e+00 0.000000000000000000e+00
0.000000000000000000e+00 0.000000000000000000e+00 0.000000000000000000e+00
0.000000000000000000e+00 0.000000000000000000e+00 0.000000000000000000e+00
0.000000000000000000e+00 0.000000000000000000e+00 0.000000000000000000e+00
0.000000000000000000e+00 0.000000000000000000e+00 0.000000000000000000e+00
2.999999999999999889e-02 0.000000000000000000e+00 0.000000000000000000e+00
1.399999999999999856e-01 0.000000000000000000e+00 0.000000000000000000e+00
1.800000000000000211e-01 1.000000000000000021e-02 0.000000000000000000e+00
2.800000000000000822e-01 1.000000000000000021e-02 0.000000000000000000e+00
4.800000000000002598e-01 8.000000000000000167e-02 0.000000000000000000e+00
6.000000000000003109e-01 2.200000000000000566e-01 0.000000000000000000e+00
6.100000000000003197e-01 2.700000000000000733e-01 0.000000000000000000e+00
7.100000000000004086e-01 4.400000000000002243e-01 0.000000000000000000e+00
7.600000000000004530e-01 5.900000000000003020e-01 0.000000000000000000e+00
8.700000000000005507e-01 6.800000000000003819e-01 0.000000000000000000e+00
9.100000000000005862e-01 7.900000000000004796e-01 0.000000000000000000e+00
9.800000000000006484e-01 8.900000000000005684e-01 0.000000000000000000e+00
9.800000000000006484e-01 9.200000000000005951e-01 0.000000000000000000e+00
9.900000000000006573e-01 9.900000000000006573e-01 0.000000000000000000e+00
9.900000000000006573e-01 9.700000000000006395e-01 0.000000000000000000e+00
1.000000000000000666e+00 9.800000000000006484e-01 0.000000000000000000e+00
9.800000000000006484e-01 9.700000000000006395e-01 0.000000000000000000e+00
9.900000000000006573e-01 9.900000000000006573e-01 0.000000000000000000e+00
1.000000000000000666e+00 1.000000000000000666e+00 0.000000000000000000e+00
1.000000000000000666e+00 1.000000000000000666e+00 0.000000000000000000e+00
1.000000000000000666e+00 1.000000000000000666e+00 0.000000000000000000e+00
1.000000000000000666e+00 9.900000000000006573e-01 0.000000000000000000e+00
1.000000000000000666e+00 1.000000000000000666e+00 0.000000000000000000e+00
1.000000000000000666e+00 1.000000000000000666e+00 0.000000000000000000e+00
1.000000000000000666e+00 1.000000000000000666e+00 0.000000000000000000e+00
1.000000000000000666e+00 1.000000000000000666e+00 0.000000000000000000e+00
1.000000000000000666e+00 1.000000000000000666e+00 0.000000000000000000e+00
1.000000000000000666e+00 1.000000000000000666e+00 0.000000000000000000e+00
1.000000000000000666e+00 1.000000000000000666e+00 0.000000000000000000e+00
1.000000000000000666e+00 1.000000000000000666e+00 0.000000000000000000e+00
1.000000000000000666e+00 1.000000000000000666e+00 0.000000000000000000e+00
1.000000000000000666e+00 1.000000000000000666e+00 0.000000000000000000e+00
1.000000000000000666e+00 1.000000000000000666e+00 0.000000000000000000e+00
1.000000000000000666e+00 1.000000000000000666e+00 0.000000000000000000e+00
1.000000000000000666e+00 1.000000000000000666e+00 0.000000000000000000e+00
1.000000000000000666e+00 1.000000000000000666e+00 0.000000000000000000e+00
1.000000000000000666e+00 1.000000000000000666e+00 0.000000000000000000e+00
1.000000000000000666e+00 1.000000000000000666e+00 0.000000000000000000e+00
1.000000000000000666e+00 1.000000000000000666e+00 1.000000000000000021e-02
1.000000000000000666e+00 1.000000000000000666e+00 1.000000000000000021e-02
1.000000000000000666e+00 1.000000000000000666e+00 1.000000000000000021e-02
1.000000000000000666e+00 1.000000000000000666e+00 2.000000000000000042e-02
9.900000000000006573e-01 9.900000000000006573e-01 6.000000000000000472e-02
1.000000000000000666e+00 1.000000000000000666e+00 7.000000000000000666e-02
1.000000000000000666e+00 1.000000000000000666e+00 8.999999999999999667e-02
1.000000000000000666e+00 1.000000000000000666e+00 7.000000000000000666e-02
1.000000000000000666e+00 1.000000000000000666e+00 1.499999999999999944e-01
1.000000000000000666e+00 1.000000000000000666e+00 1.299999999999999767e-01
1.000000000000000666e+00 1.000000000000000666e+00 2.000000000000000389e-01
1.000000000000000666e+00 1.000000000000000666e+00 3.200000000000001177e-01
1.000000000000000666e+00 1.000000000000000666e+00 3.900000000000001799e-01
1.000000000000000666e+00 1.000000000000000666e+00 3.900000000000001799e-01
1.000000000000000666e+00 1.000000000000000666e+00 3.900000000000001799e-01
1.000000000000000666e+00 1.000000000000000666e+00 4.400000000000002243e-01
1.000000000000000666e+00 1.000000000000000666e+00 5.400000000000002576e-01
1.000000000000000666e+00 1.000000000000000666e+00 5.300000000000002487e-01
1.000000000000000666e+00 1.000000000000000666e+00 6.900000000000003908e-01
1.000000000000000666e+00 1.000000000000000666e+00 6.600000000000003642e-01
1.000000000000000666e+00 1.000000000000000666e+00 7.500000000000004441e-01
1.000000000000000666e+00 1.000000000000000666e+00 8.100000000000004974e-01
1.000000000000000666e+00 1.000000000000000666e+00 7.700000000000004619e-01
1.000000000000000666e+00 1.000000000000000666e+00 8.800000000000005596e-01
1.000000000000000666e+00 1.000000000000000666e+00 8.000000000000004885e-01
1.000000000000000666e+00 1.000000000000000666e+00 7.900000000000004796e-01
1.000000000000000666e+00 1.000000000000000666e+00 8.400000000000005240e-01
1.000000000000000666e+00 1.000000000000000666e+00 9.400000000000006128e-01
1.000000000000000666e+00 1.000000000000000666e+00 8.900000000000005684e-01
1.000000000000000666e+00 1.000000000000000666e+00 9.400000000000006128e-01
1.000000000000000666e+00 1.000000000000000666e+00 9.400000000000006128e-01
1.000000000000000666e+00 1.000000000000000666e+00 9.700000000000006395e-01
1.000000000000000666e+00 1.000000000000000666e+00 9.400000000000006128e-01
1.000000000000000666e+00 1.000000000000000666e+00 8.900000000000005684e-01
1.000000000000000666e+00 1.000000000000000666e+00 9.300000000000006040e-01
1.000000000000000666e+00 1.000000000000000666e+00 9.600000000000006306e-01
1.000000000000000666e+00 1.000000000000000666e+00 9.700000000000006395e-01
1.000000000000000666e+00 1.000000000000000666e+00 9.700000000000006395e-01
1.000000000000000666e+00 1.000000000000000666e+00 9.700000000000006395e-01
1.000000000000000666e+00 1.000000000000000666e+00 9.800000000000006484e-01
1.000000000000000666e+00 1.000000000000000666e+00 1.000000000000000666e+00
1.000000000000000666e+00 1.000000000000000666e+00 9.900000000000006573e-01
1.000000000000000666e+00 1.000000000000000666e+00 9.800000000000006484e-01
1.000000000000000666e+00 1.000000000000000666e+00 9.700000000000006395e-01
1.000000000000000666e+00 1.000000000000000666e+00 1.000000000000000666e+00
1.000000000000000666e+00 1.000000000000000666e+00 1.000000000000000666e+00
1.000000000000000666e+00 1.000000000000000666e+00 1.000000000000000666e+00
1.000000000000000666e+00 1.000000000000000666e+00 1.000000000000000666e+00
1.000000000000000666e+00 1.000000000000000666e+00 1.000000000000000666e+00
1.000000000000000666e+00 1.000000000000000666e+00 9.900000000000006573e-01
1.000000000000000666e+00 1.000000000000000666e+00 1.000000000000000666e+00
1.000000000000000666e+00 1.000000000000000666e+00 1.000000000000000666e+00
1.000000000000000666e+00 1.000000000000000666e+00 9.900000000000006573e-01
1.000000000000000666e+00 1.000000000000000666e+00 1.000000000000000666e+00
1.000000000000000666e+00 1.000000000000000666e+00 1.000000000000000666e+00
1.000000000000000666e+00 1.000000000000000666e+00 1.000000000000000666e+00
1.000000000000000666e+00 1.000000000000000666e+00 1.000000000000000666e+00
1.000000000000000666e+00 1.000000000000000666e+00 1.000000000000000666e+00
1.000000000000000666e+00 1.000000000000000666e+00 1.000000000000000666e+00
1.000000000000000666e+00 1.000000000000000666e+00 1.000000000000000666e+00
1.000000000000000666e+00 1.000000000000000666e+00 1.000000000000000666e+00
1.000000000000000666e+00 1.000000000000000666e+00 1.000000000000000666e+00
1.000000000000000666e+00 1.000000000000000666e+00 1.000000000000000666e+00
1.000000000000000666e+00 1.000000000000000666e+00 1.000000000000000666e+00
1.000000000000000666e+00 1.000000000000000666e+00 1.000000000000000666e+00
1.000000000000000666e+00 1.000000000000000666e+00 1.000000000000000666e+00
1.000000000000000666e+00 1.000000000000000666e+00 1.000000000000000666e+00
1.000000000000000666e+00 1.000000000000000666e+00 1.000000000000000666e+00
9.900000000000006573e-01 1.000000000000000666e+00 1.000000000000000666e+00
1.000000000000000666e+00 1.000000000000000666e+00 1.000000000000000666e+00
1.000000000000000666e+00 1.000000000000000666e+00 1.000000000000000666e+00
1.000000000000000666e+00 1.000000000000000666e+00 1.000000000000000666e+00
1.000000000000000666e+00 1.000000000000000666e+00 1.000000000000000666e+00
1.000000000000000666e+00 1.000000000000000666e+00 1.000000000000000666e+00
1.000000000000000666e+00 1.000000000000000666e+00 1.000000000000000666e+00
1.000000000000000666e+00 1.000000000000000666e+00 1.000000000000000666e+00
1.000000000000000666e+00 1.000000000000000666e+00 1.000000000000000666e+00
1.000000000000000666e+00 1.000000000000000666e+00 1.000000000000000666e+00
1.000000000000000666e+00 1.000000000000000666e+00 1.000000000000000666e+00
1.000000000000000666e+00 1.000000000000000666e+00 1.000000000000000666e+00
1.000000000000000666e+00 1.000000000000000666e+00 1.000000000000000666e+00
1.000000000000000666e+00 1.000000000000000666e+00 1.000000000000000666e+00
1.000000000000000666e+00 1.000000000000000666e+00 1.000000000000000666e+00
9.900000000000006573e-01 1.000000000000000666e+00 1.000000000000000666e+00
1.000000000000000666e+00 1.000000000000000666e+00 1.000000000000000666e+00
1.000000000000000666e+00 1.000000000000000666e+00 1.000000000000000666e+00
1.000000000000000666e+00 1.000000000000000666e+00 1.000000000000000666e+00
