0.000000000000000000e+00 0.000000000000000000e+00 0.000000000000000000e+00
0.000000000000000000e+00 0.000000000000000000e+00 0.000000000000000000e+00
0.000000000000000000e+00 0.000000000000000000e+00 0.000000000000000000e+00
0.000000000000000000e+00 0.000000000000000000e+00 0.000000000000000000e+00
0.000000000000000000e+00 0.000000000000000000e+00 0.000000000000000000e+00
0.000000000000000000e+00 0.000000000000000000e+00 0.000000000000000000e+00
0.000000000000000000e+00 0.000000000000000000e+00 0.000000000000000000e+00
0.000000000000000000e+00 0.000000000000000000e+00 0.000000000000000000e+00
0.000000000000000000e+00 0.000000000000000000e+00 0.000000000000000000e+00
0.000000000000000000e+00 0.000000000000000000e+00 0.000000000000000000e+00
1.000000000000000021e-02 0.000000000000000000e+00 0.000000000000000000e+00
1.299999999999999767e-01 0.000000000000000000e+00 0.000000000000000000e+00
1.499999999999999944e-01 0.000000000000000000e+00 0.000000000000000000e+00
4.200000000000002065e-01 6.000000000000000472e-02 0.000000000000000000e+00
7.100000000000004086e-01 2.400000000000000744e-01 0.000000000000000000e+00
8.200000000000005063e-01 5.400000000000002576e-01 0.000000000000000000e+00
9.200000000000005951e-01 5.900000000000003020e-01 0.000000000000000000e+00
9.500000000000006217e-01 8.300000000000005151e-01 0.000000000000000000e+00
9.900000000000006573e-01 8.900000000000005684e-01 0.000000000000000000e+00
9.900000000000006573e-01 9.600000000000006306e-01 0.000000000000000000e+00
9.900000000000006573e-01 9.800000000000006484e-01 0.000000000000000000e+00
1.000000000000000666e+00 1.000000000000000666e+00 0.000000000000000000e+00
1.000000000000000666e+00 1.000000000000000666e+00 0.000000000000000000e+00
1.000000000000000666e+00 9.900000000000006573e-01 0.000000000000000000e+00
1.000000000000000666e+00 1.000000000000000666e+00 0.000000000000000000e+00
1.000000000000000666e+00 1.000000000000000666e+00 0.000000000000000000e+00
9.900000000000006573e-01 1.000000000000000666e+00 0.000000000000000000e+00
1.000000000000000666e+00 1.000000000000000666e+00 0.000000000000000000e+00
1.000000000000000666e+00 1.000000000000000666e+00 0.000000000000000000e+00
1.000000000000000666e+00 1.000000000000000666e+00 0.000000000000000000e+00
1.000000000000000666e+00 1.000000000000000666e+00 5.000000000000000278e-02
1.000000000000000666e+00 1.000000000000000666e+00 6.000000000000000472e-02
1.000000000000000666e+00 1.000000000000000666e+00 1.099999999999999867e-01
1.000000000000000666e+00 1.000000000000000666e+00 1.299999999999999767e-01
1.000000000000000666e+00 1.000000000000000666e+00 2.600000000000000644e-01
1.000000000000000666e+00 1.000000000000000666e+00 2.400000000000000744e-01
1.000000000000000666e+00 1.000000000000000666e+00 3.900000000000001799e-01
1.000000000000000666e+00 1.000000000000000666e+00 4.900000000000002687e-01
9.900000000000006573e-01 9.900000000000006573e-01 6.300000000000003375e-01
1.000000000000000666e+00 1.000000000000000666e+00 7.000000000000003997e-01
1.000000000000000666e+00 1.000000000000000666e+00 7.500000000000004441e-01
1.000000000000000666e+00 1.000000000000000666e+00 8.200000000000005063e-01
1.000000000000000666e+00 1.000000000000000666e+00 9.300000000000006040e-01
1.000000000000000666e+00 1.000000000000000666e+00 9.200000000000005951e-01
1.000000000000000666e+00 1.000000000000000666e+00 9.600000000000006306e-01
9.900000000000006573e-01 1.000000000000000666e+00 9.400000000000006128e-01
9.900000000000006573e-01 1.000000000000000666e+00 9.900000000000006573e-01
1.000000000000000666e+00 1.000000000000000666e+00 9.600000000000006306e-01
1.000000000000000666e+00 1.000000000000000666e+00 9.900000000000006573e-01
1.000000000000000666e+00 1.000000000000000666e+00 9.900000000000006573e-01
1.000000000000000666e+00 1.000000000000000666e+00 1.000000000000000666e+00
1.000000000000000666e+00 1.000000000000000666e+00 1.000000000000000666e+00
1.000000000000000666e+00 1.000000000000000666e+00 1.000000000000000666e+00
1.000000000000000666e+00 1.000000000000000666e+00 9.800000000000006484e-01
1.000000000000000666e+00 1.000000000000000666e+00 1.000000000000000666e+00
1.000000000000000666e+00 1.000000000000000666e+00 1.000000000000000666e+00
9.800000000000006484e-01 1.000000000000000666e+00 1.000000000000000666e+00
9.900000000000006573e-01 1.000000000000000666e+00 1.000000000000000666e+00
9.900000000000006573e-01 1.000000000000000666e+00 1.000000000000000666e+00
