0.000000000000000000e+00 3.091227928653920154e-01 3.299877686136757360e-01 5.583977557272433723e-01
0.000000000000000000e+00 2.384922073710904755e-01 2.558435424548022863e-01 4.506293865547519872e-01
0.000000000000000000e+00 2.048881147041996809e-01 2.228593520421091601e-01 3.976457229880946409e-01
0.000000000000000000e+00 1.841626895754609750e-01 2.010801178295451574e-01 3.607433822754619879e-01
0.000000000000000000e+00 1.649173650208867747e-01 1.838124501808464373e-01 3.402818110453790790e-01
0.000000000000000000e+00 1.568325548180416473e-01 1.716940095412609613e-01 3.152676677726358734e-01
0.000000000000000000e+00 1.460566728458249364e-01 1.636765864180749763e-01 3.058211867631421832e-01
0.000000000000000000e+00 1.391518896805999106e-01 1.544631372010601134e-01 2.912878649627413941e-01
0.000000000000000000e+00 1.315840615995767238e-01 1.497043371879246965e-01 2.800162968403372421e-01
0.000000000000000000e+00 1.237180421409072861e-01 1.435183934360196867e-01 2.718556873571395527e-01
0.000000000000000000e+00 1.226408849738756524e-01 1.382267570365127152e-01 2.575630503507492230e-01
0.000000000000000000e+00 1.147787022807811030e-01 1.351397582061085456e-01 2.547789130145479142e-01
0.000000000000000000e+00 1.138415536562097929e-01 1.303683608314824272e-01 2.443940124374935907e-01
0.000000000000000000e+00 1.090229112324349742e-01 1.241244986854536797e-01 2.384106015900045727e-01
0.000000000000000000e+00 1.054143812573114236e-01 1.209965078185140930e-01 2.340194544331348769e-01
0.000000000000000000e+00 1.025381065003891784e-01 1.155916281768245152e-01 2.281249508025687822e-01
0.000000000000000000e+00 9.988358765406689377e-02 1.146919698396808018e-01 2.230586135716152441e-01
0.000000000000000000e+00 9.846161613448291272e-02 1.140942309954222911e-01 2.172430572741763932e-01
0.000000000000000000e+00 9.691087486233693205e-02 1.080349488075454945e-01 2.123394590079476785e-01
0.000000000000000000e+00 9.495120659843563071e-02 1.089581683397732315e-01 2.113809229113727539e-01
