0.000000000000000000e+00 3.182613685602547326e-03 2.620452686145363728e-03 4.851982895745013229e-03
0.000000000000000000e+00 2.452168402634220465e-03 2.036447925206285540e-03 4.067064365880870315e-03
0.000000000000000000e+00 2.288862974811277720e-03 2.142147608629461995e-03 3.563817804799468761e-03
0.000000000000000000e+00 2.270837779235640366e-03 1.704095135147975799e-03 3.369176826326869979e-03
0.000000000000000000e+00 2.102981803733561337e-03 1.628974852746147180e-03 3.107246682898668743e-03
0.000000000000000000e+00 1.983872924690313708e-03 1.429741655183732569e-03 3.178521030322905769e-03
0.000000000000000000e+00 1.638083391099068959e-03 1.439347411330387178e-03 2.911806725174333633e-03
0.000000000000000000e+00 1.708851948975926866e-03 1.283782051422841701e-03 2.686785681609816026e-03
0.000000000000000000e+00 1.802071855265189974e-03 1.288598990466247821e-03 2.510438431883553912e-03
0.000000000000000000e+00 1.669033031415924438e-03 1.141980148604804799e-03 2.465136459586203879e-03
0.000000000000000000e+00 1.514094644969965790e-03 1.061870904356232177e-03 2.624398616924053518e-03
0.000000000000000000e+00 1.509568090847975171e-03 9.429493435420355316e-04 2.491760844366457811e-03
0.000000000000000000e+00 1.452857244038707101e-03 1.005328008721970839e-03 2.629305283385097256e-03
0.000000000000000000e+00 1.394413123330627557e-03 1.243867685263802579e-03 2.416291751040773074e-03
0.000000000000000000e+00 1.416407495411745217e-03 1.005168102136188473e-03 2.345950841622604366e-03
0.000000000000000000e+00 1.376815689424173766e-03 1.111378719095449307e-03 2.510076364855849933e-03
0.000000000000000000e+00 1.425637383315880554e-03 9.784893880334236734e-04 2.288251903418773645e-03
0.000000000000000000e+00 1.394931487102206089e-03 9.565843759284712016e-04 2.522541969213022879e-03
0.000000000000000000e+00 1.168943531384311315e-03 8.989722482906945889e-04 2.500907169159560187e-03
0.000000000000000000e+00 1.306352336458756029e-03 9.918419852223937187e-04 2.275028033689738185e-03
