0.000000000000000000e+00 6.940000000000004499e-02 1.134150000000000609e-02 1.450500000000000678e-01
0.000000000000000000e+00 5.145000000000003737e-02 8.555499999999998870e-03 1.105500000000000371e-01
0.000000000000000000e+00 4.455650000000004746e-02 7.363999999999998151e-03 9.511250000000005811e-02
0.000000000000000000e+00 3.815000000000003111e-02 6.300499999999996208e-03 8.822250000000003700e-02
0.000000000000000000e+00 3.580250000000002875e-02 6.020499999999999810e-03 8.127950000000003228e-02
0.000000000000000000e+00 3.288700000000003426e-02 5.229499999999999774e-03 7.143900000000003025e-02
0.000000000000000000e+00 2.921900000000002273e-02 5.296499999999997391e-03 6.885000000000003617e-02
0.000000000000000000e+00 2.731350000000001832e-02 4.871499999999998227e-03 6.430550000000002930e-02
0.000000000000000000e+00 2.617650000000001920e-02 4.407999999999997857e-03 5.975000000000003919e-02
0.000000000000000000e+00 2.648150000000001891e-02 4.395999999999996265e-03 5.935150000000003617e-02
0.000000000000000000e+00 2.473750000000001642e-02 4.262499999999998061e-03 5.675000000000003653e-02
0.000000000000000000e+00 2.475400000000001904e-02 4.234499999999997814e-03 5.441000000000004860e-02
0.000000000000000000e+00 2.399150000000001628e-02 4.103999999999999142e-03 5.505000000000004334e-02
0.000000000000000000e+00 2.250000000000001651e-02 3.696500000000001000e-03 5.109850000000006054e-02
0.000000000000000000e+00 2.218500000000001374e-02 3.678499999999999912e-03 4.889300000000005447e-02
0.000000000000000000e+00 2.174050000000001676e-02 3.780500000000000006e-03 4.961750000000004351e-02
0.000000000000000000e+00 2.086400000000001448e-02 3.515000000000000763e-03 4.747700000000004694e-02
0.000000000000000000e+00 2.044200000000001224e-02 3.338500000000000321e-03 4.613400000000004997e-02
0.000000000000000000e+00 2.068200000000001287e-02 3.369500000000000967e-03 4.599300000000004773e-02
0.000000000000000000e+00 1.925100000000001116e-02 3.341000000000000220e-03 4.545050000000003948e-02
