0.000000000000000000e+00 0.000000000000000000e+00 0.000000000000000000e+00
0.000000000000000000e+00 0.000000000000000000e+00 0.000000000000000000e+00
0.000000000000000000e+00 0.000000000000000000e+00 0.000000000000000000e+00
0.000000000000000000e+00 0.000000000000000000e+00 0.000000000000000000e+00
0.000000000000000000e+00 0.000000000000000000e+00 0.000000000000000000e+00
1.499999999999999944e-01 2.000000000000000042e-02 0.000000000000000000e+00
6.200000000000003286e-01 1.800000000000000211e-01 0.000000000000000000e+00
9.000000000000005773e-01 6.500000000000003553e-01 0.000000000000000000e+00
9.900000000000006573e-01 9.800000000000006484e-01 0.000000000000000000e+00
1.000000000000000666e+00 1.000000000000000666e+00 0.000000000000000000e+00
1.000000000000000666e+00 1.000000000000000666e+00 0.000000000000000000e+00
1.000000000000000666e+00 1.000000000000000666e+00 0.000000000000000000e+00
9.900000000000006573e-01 9.900000000000006573e-01 1.000000000000000021e-02
1.000000000000000666e+00 1.000000000000000666e+00 4.000000000000000083e-02
9.900000000000006573e-01 1.000000000000000666e+00 8.000000000000000167e-02
1.000000000000000666e+00 1.000000000000000666e+00 2.000000000000000389e-01
1.000000000000000666e+00 1.000000000000000666e+00 3.700000000000001621e-01
9.900000000000006573e-01 1.000000000000000666e+00 6.100000000000003197e-01
9.900000000000006573e-01 1.000000000000000666e+00 7.800000000000004707e-01
9.900000000000006573e-01 1.000000000000000666e+00 9.000000000000005773e-01
9.900000000000006573e-01 1.000000000000000666e+00 9.100000000000005862e-01
1.000000000000000666e+00 1.000000000000000666e+00 9.500000000000006217e-01
9.900000000000006573e-01 1.000000000000000666e+00 9.900000000000006573e-01
9.900000000000006573e-01 1.000000000000000666e+00 9.900000000000006573e-01
9.700000000000006395e-01 1.000000000000000666e+00 1.000000000000000666e+00
1.000000000000000666e+00 1.000000000000000666e+00 1.000000000000000666e+00
1.000000000000000666e+00 1.000000000000000666e+00 9.700000000000006395e-01
9.700000000000006395e-01 9.900000000000006573e-01 1.000000000000000666e+00
9.900000000000006573e-01 1.000000000000000666e+00 1.000000000000000666e+00
9.900000000000006573e-01 1.000000000000000666e+00 1.000000000000000666e+00
9.900000000000006573e-01 9.900000000000006573e-01 9.800000000000006484e-01
1.000000000000000666e+00 1.000000000000000666e+00 1.000000000000000666e+00
9.900000000000006573e-01 1.000000000000000666e+00 1.000000000000000666e+00
9.900000000000006573e-01 1.000000000000000666e+00 9.900000000000006573e-01
1.000000000000000666e+00 1.000000000000000666e+00 9.900000000000006573e-01
1.000000000000000666e+00 1.000000000000000666e+00 9.900000000000006573e-01
1.000000000000000666e+00 1.000000000000000666e+00 9.800000000000006484e-01
9.900000000000006573e-01 1.000000000000000666e+00 9.900000000000006573e-01
1.000000000000000666e+00 1.000000000000000666e+00 9.800000000000006484e-01
9.900000000000006573e-01 1.000000000000000666e+00 9.800000000000006484e-01
1.000000000000000666e+00 1.000000000000000666e+00 9.900000000000006573e-01
9.900000000000006573e-01 1.000000000000000666e+00 1.000000000000000666e+00
9.800000000000006484e-01 1.000000000000000666e+00 9.900000000000006573e-01
9.900000000000006573e-01 1.000000000000000666e+00 1.000000000000000666e+00
9.700000000000006395e-01 1.000000000000000666e+00 9.900000000000006573e-01
9.800000000000006484e-01 1.000000000000000666e+00 9.800000000000006484e-01
1.000000000000000666e+00 1.000000000000000666e+00 9.900000000000006573e-01
9.800000000000006484e-01 1.000000000000000666e+00 9.900000000000006573e-01
1.000000000000000666e+00 1.000000000000000666e+00 1.000000000000000666e+00
9.800000000000006484e-01 1.000000000000000666e+00 9.900000000000006573e-01
9.500000000000006217e-01 1.000000000000000666e+00 9.700000000000006395e-01
9.800000000000006484e-01 1.000000000000000666e+00 9.900000000000006573e-01
1.000000000000000666e+00 1.000000000000000666e+00 1.000000000000000666e+00
1.000000000000000666e+00 1.000000000000000666e+00 9.600000000000006306e-01
9.800000000000006484e-01 1.000000000000000666e+00 9.700000000000006395e-01
9.800000000000006484e-01 1.000000000000000666e+00 9.800000000000006484e-01
9.700000000000006395e-01 1.000000000000000666e+00 1.000000000000000666e+00
9.700000000000006395e-01 1.000000000000000666e+00 9.500000000000006217e-01
9.700000000000006395e-01 1.000000000000000666e+00 9.600000000000006306e-01
9.800000000000006484e-01 1.000000000000000666e+00 9.700000000000006395e-01
1.000000000000000666e+00 1.000000000000000666e+00 1.000000000000000666e+00
9.500000000000006217e-01 1.000000000000000666e+00 9.800000000000006484e-01
1.000000000000000666e+00 1.000000000000000666e+00 9.600000000000006306e-01
9.700000000000006395e-01 1.000000000000000666e+00 9.700000000000006395e-01
1.000000000000000666e+00 1.000000000000000666e+00 9.900000000000006573e-01
9.900000000000006573e-01 1.000000000000000666e+00 9.700000000000006395e-01
9.900000000000006573e-01 1.000000000000000666e+00 9.800000000000006484e-01
9.800000000000006484e-01 1.000000000000000666e+00 9.900000000000006573e-01
9.900000000000006573e-01 1.000000000000000666e+00 1.000000000000000666e+00
9.800000000000006484e-01 1.000000000000000666e+00 9.800000000000006484e-01
9.600000000000006306e-01 1.000000000000000666e+00 9.600000000000006306e-01
9.700000000000006395e-01 1.000000000000000666e+00 9.700000000000006395e-01
9.700000000000006395e-01 1.000000000000000666e+00 9.900000000000006573e-01
1.000000000000000666e+00 1.000000000000000666e+00 9.700000000000006395e-01
9.800000000000006484e-01 1.000000000000000666e+00 9.800000000000006484e-01
