2.190171713160267986e-01 3.128478238642389830e-01 3.359580416859223040e-01
1.669076135330280763e-01 2.398407163796455188e-01 2.587992493061330723e-01
1.419977207206692127e-01 2.082789724638824114e-01 2.262046131605477406e-01
1.267234856171555180e-01 1.864500922021355422e-01 2.027238280317937014e-01
1.173221631019265576e-01 1.667532238251248633e-01 1.872528390644374041e-01
1.077246423165320321e-01 1.559744331444297416e-01 1.771054436333419080e-01
1.026905448066468968e-01 1.513499081956966863e-01 1.643450729700520196e-01
9.650597411924023705e-02 1.387569965012361295e-01 1.571632033248349103e-01
9.387982147755025153e-02 1.334436770961243690e-01 1.494439352056625425e-01
8.844583704787759015e-02 1.311558163525600729e-01 1.468702881176021102e-01
8.527919520619772764e-02 1.234978492374891462e-01 1.426360168278732465e-01
8.200362370949135227e-02 1.181089725188380068e-01 1.384853037886219218e-01
8.162911323171540001e-02 1.134590634388602248e-01 1.347698333980079100e-01
8.030442542330210043e-02 1.118018340543824873e-01 1.282625897425472838e-01
7.750005205304871803e-02 1.096561190142071041e-01 1.251066843162140230e-01
7.634943926437569306e-02 1.087722983321687542e-01 1.206064976346279821e-01
7.464402021925281572e-02 1.050351021241725108e-01 1.183236297648351532e-01
7.403197671205812014e-02 1.004834712985898937e-01 1.155811854116719772e-01
7.180071966984533094e-02 1.010810925240171326e-01 1.133058923738002460e-01
7.214816284641598076e-02 9.866763535935550722e-02 1.126743360607380673e-01
