2.770998814235805293e-03 3.262808353387265485e-03 2.965661204440068251e-03
2.186872995318045725e-03 2.992057649225489998e-03 2.479191159455834768e-03
2.098353414755224806e-03 2.487933408929241495e-03 2.173661720088472700e-03
1.961482732478084766e-03 2.461443678870912401e-03 2.155828979559982865e-03
1.731415730958540261e-03 2.660598360955261036e-03 1.957183752523165236e-03
1.655797769051809299e-03 2.461878385205211288e-03 1.868174468005451673e-03
1.571930488216410253e-03 2.027520639037562120e-03 1.983528130857063927e-03
1.518593112814675943e-03 2.311708456083559366e-03 1.753465930700343458e-03
1.411986519359898894e-03 2.129032054239510773e-03 1.700289105450491015e-03
1.336847070704663210e-03 1.850413796932701442e-03 1.522713390953849780e-03
1.270725694256250905e-03 2.009848991507518726e-03 1.389938439294353132e-03
1.456481546546370366e-03 1.925487543365764524e-03 1.270683547811860426e-03
1.297007837253077393e-03 2.054387437568242457e-03 1.337087374036585383e-03
1.181959129220305684e-03 1.761680017476677284e-03 1.421001704347181569e-03
1.168489053930579606e-03 1.721863956555975614e-03 1.386029660766164217e-03
1.093122684938295074e-03 1.708938413340454652e-03 1.544938846059071801e-03
1.124300262297756384e-03 1.735820188103773557e-03 1.394432201609928758e-03
1.066616249506203724e-03 1.730965082834725732e-03 1.399182539320846779e-03
1.009149321910183823e-03 1.540725223587639022e-03 1.111375203716223311e-03
9.209274192815272361e-04 1.576026737768264352e-03 1.253050518226659412e-03
