4.737770000000000176e-02 7.091750000000004994e-02 1.151769999999998143e-02
3.526259999999996342e-02 5.278079999999999578e-02 8.569249999999983131e-03
2.964244999999999380e-02 4.432675000000003973e-02 7.272749999999982354e-03
2.650154999999997790e-02 3.923349999999999754e-02 6.493149999999991810e-03
2.430679999999999299e-02 3.502679999999998295e-02 5.963249999999993729e-03
2.204519999999997315e-02 3.297879999999997480e-02 5.551799999999995627e-03
2.099249999999997646e-02 3.153354999999998659e-02 5.167299999999994467e-03
1.978909999999998309e-02 2.920574999999998173e-02 4.885699999999997163e-03
1.873229999999997258e-02 2.782264999999997657e-02 4.672199999999998750e-03
1.800594999999997892e-02 2.710854999999999168e-02 4.528649999999997781e-03
1.728069999999997525e-02 2.545059999999997949e-02 4.378049999999999650e-03
1.660794999999999286e-02 2.455479999999999469e-02 4.258149999999997007e-03
1.651219999999998037e-02 2.354349999999997417e-02 4.137849999999996739e-03
1.599169999999997677e-02 2.341054999999995709e-02 3.982549999999999632e-03
1.538599999999997955e-02 2.248504999999997866e-02 3.850099999999999530e-03
1.525469999999997696e-02 2.212369999999998574e-02 3.742599999999999573e-03
1.460699999999998111e-02 2.142874999999995131e-02 3.601349999999998823e-03
1.460984999999997980e-02 2.086999999999996150e-02 3.571750000000000706e-03
1.419764999999998702e-02 2.069764999999998412e-02 3.477250000000002474e-03
1.420044999999998080e-02 2.035244999999997334e-02 3.454700000000002387e-03
