5.000000000000000000e+03
1.000000000000000000e+04
1.500000000000000000e+04
2.000000000000000000e+04
2.500000000000000000e+04
3.000000000000000000e+04
3.500000000000000000e+04
4.000000000000000000e+04
4.500000000000000000e+04
5.000000000000000000e+04
5.500000000000000000e+04
6.000000000000000000e+04
6.500000000000000000e+04
7.000000000000000000e+04
7.500000000000000000e+04
8.000000000000000000e+04
8.500000000000000000e+04
9.000000000000000000e+04
9.500000000000000000e+04
1.000000000000000000e+05
