1.000000000000000000e+02
6.000000000000000000e+02
1.100000000000000000e+03
1.600000000000000000e+03
2.100000000000000000e+03
2.600000000000000000e+03
3.100000000000000000e+03
3.600000000000000000e+03
4.100000000000000000e+03
4.600000000000000000e+03
5.100000000000000000e+03
5.600000000000000000e+03
6.100000000000000000e+03
6.600000000000000000e+03
7.100000000000000000e+03
7.600000000000000000e+03
8.100000000000000000e+03
8.600000000000000000e+03
9.100000000000000000e+03
9.600000000000000000e+03
