1.257124159212257841e-01 1.905167786065953550e-01 2.176108849198091499e-01
9.076256599998018537e-02 1.433512969677156745e-01 1.593819318553298670e-01
7.864188138330011069e-02 1.124354574677800256e-01 1.321199651797476116e-01
7.173828345567470621e-02 1.017271167048053454e-01 1.222572971460270386e-01
6.239483342744209932e-02 9.713048307527702430e-02 1.051979788899124191e-01
6.177618577075094652e-02 8.808439329549171137e-02 9.755830163353038098e-02
5.667012516469034644e-02 8.484825576787823065e-02 9.786965561136037883e-02
5.185264916243172845e-02 7.977668603326495966e-02 9.265565593826456670e-02
4.725268210050810602e-02 7.439142817518103190e-02 8.330877836884706400e-02
4.336822416713713435e-02 6.981201769245243272e-02 8.112286521640067749e-02
4.041045548654246394e-02 6.347896668548839993e-02 7.839455729244053372e-02
4.162499999999998146e-02 6.691741953698471246e-02 7.924813639830793899e-02
3.796835591944289212e-02 6.328147939017500501e-02 7.632541085916369483e-02
3.759253246753248290e-02 6.089064558629771889e-02 7.351859267734550674e-02
3.681820534537928041e-02 5.599211838885749526e-02 7.366981931112358273e-02
3.443494729907772139e-02 5.311307171089775514e-02 7.401565177766544767e-02
3.458253340862035841e-02 5.680366553736114488e-02 6.978040333046044152e-02
3.120063993977036793e-02 5.535886034255595861e-02 7.122517880670045654e-02
3.153926689252775639e-02 5.370463956333517558e-02 6.881389986824766603e-02
2.991506681724073052e-02 4.929326651609257370e-02 6.539859777903253568e-02
