3.358487579789790241e-03 5.560791451651975192e-03 4.197526430391839390e-03
3.748091105798202934e-03 4.105254794684550824e-03 3.062466180777894190e-03
2.347626833818154939e-03 4.256547049057277619e-03 3.154416908960682060e-03
2.108963055154932861e-03 3.691955983110502097e-03 2.142473918186536559e-03
2.439328079589940697e-03 2.526426730446600794e-03 3.240672702359526872e-03
2.110014106376421027e-03 3.064770620137906819e-03 2.262970650946573552e-03
2.018933137522720307e-03 2.258307409208725695e-03 1.934803269787340602e-03
1.814332186937490975e-03 2.231051288385568418e-03 1.397319116168426389e-03
1.958877051742143049e-03 2.469490560947415220e-03 2.138534458405429595e-03
2.379642892068537484e-03 2.287543030724459824e-03 2.080610293989417110e-03
1.782794270566122980e-03 2.409771288173484429e-03 1.875095253124970220e-03
2.228873001481030715e-03 2.289468174598379823e-03 1.725052390328368074e-03
1.723599508772293096e-03 2.558033920357315454e-03 2.113572010079574955e-03
1.752298449805631767e-03 2.526156301075239714e-03 1.753902201337921921e-03
1.484799846895709131e-03 2.169353298407936982e-03 1.901508364962177121e-03
1.633594642757488875e-03 2.406569703708553130e-03 1.309574504826017992e-03
1.872797327070048392e-03 2.200907864764295539e-03 1.784750681561403981e-03
1.724499171542961257e-03 2.198393754500914312e-03 1.665501494571084611e-03
1.841418679643036559e-03 1.961881548747068139e-03 1.514022812324575728e-03
1.900751580836592151e-03 2.435969149088511136e-03 1.217628181765695056e-03
