4.364104999999998680e-02 6.489499999999998048e-02 1.069669999999997741e-02
3.194664999999997229e-02 4.894019999999993376e-02 8.226049999999988233e-03
2.791764999999997096e-02 4.110499999999998183e-02 6.837699999999989967e-03
2.441014999999998117e-02 3.590619999999999229e-02 6.200499999999993343e-03
2.256094999999997547e-02 3.419499999999998235e-02 5.613849999999994886e-03
2.156999999999997114e-02 3.148499999999998522e-02 5.302549999999998757e-03
1.890579999999997610e-02 2.949064999999998632e-02 5.070000000000002456e-03
1.813804999999996809e-02 2.794949999999997783e-02 4.938150000000003127e-03
1.730059999999998196e-02 2.615034999999996113e-02 4.549650000000003171e-03
1.593264999999997183e-02 2.475619999999998863e-02 4.442050000000003808e-03
1.553859999999997535e-02 2.320954999999996077e-02 4.199150000000002186e-03
1.562439999999997234e-02 2.404509999999996511e-02 4.171250000000003080e-03
1.527694999999998360e-02 2.245244999999997104e-02 3.986050000000003132e-03
1.426034999999997374e-02 2.160464999999998220e-02 3.839550000000001469e-03
1.368934999999997515e-02 2.027069999999998179e-02 3.682550000000002315e-03
1.345974999999997521e-02 2.021804999999998048e-02 3.750700000000001776e-03
1.327639999999997641e-02 1.961319999999997649e-02 3.585800000000003568e-03
1.291504999999997828e-02 2.006674999999997697e-02 3.559500000000002332e-03
1.251819999999997587e-02 1.868009999999998075e-02 3.381550000000001829e-03
1.220844999999998529e-02 1.822194999999997636e-02 3.351450000000002344e-03
