0.000000000000000000e+00 0.000000000000000000e+00 0.000000000000000000e+00 0.000000000000000000e+00 0.000000000000000000e+00
0.000000000000000000e+00 0.000000000000000000e+00 0.000000000000000000e+00 0.000000000000000000e+00 0.000000000000000000e+00
5.000000000000000000e-01 0.000000000000000000e+00 0.000000000000000000e+00 4.000000000000000222e-01 3.000000000000000444e-01
9.999999999999998890e-01 0.000000000000000000e+00 0.000000000000000000e+00 9.999999999999998890e-01 9.999999999999998890e-01
9.999999999999998890e-01 1.000000000000000056e-01 0.000000000000000000e+00 9.999999999999998890e-01 9.999999999999998890e-01
9.999999999999998890e-01 9.999999999999998890e-01 0.000000000000000000e+00 9.999999999999998890e-01 9.999999999999998890e-01
9.999999999999998890e-01 9.999999999999998890e-01 7.999999999999999334e-01 9.999999999999998890e-01 9.999999999999998890e-01
9.999999999999998890e-01 9.999999999999998890e-01 9.999999999999998890e-01 9.999999999999998890e-01 9.999999999999998890e-01
9.999999999999998890e-01 9.999999999999998890e-01 9.999999999999998890e-01 9.999999999999998890e-01 9.999999999999998890e-01
9.999999999999998890e-01 9.999999999999998890e-01 9.999999999999998890e-01 9.999999999999998890e-01 9.999999999999998890e-01
