0.000000000000000000e+00 0.000000000000000000e+00 0.000000000000000000e+00
0.000000000000000000e+00 0.000000000000000000e+00 0.000000000000000000e+00
0.000000000000000000e+00 0.000000000000000000e+00 0.000000000000000000e+00
0.000000000000000000e+00 0.000000000000000000e+00 0.000000000000000000e+00
4.000000000000000083e-02 0.000000000000000000e+00 0.000000000000000000e+00
1.499999999999999944e-01 0.000000000000000000e+00 0.000000000000000000e+00
6.200000000000003286e-01 0.000000000000000000e+00 0.000000000000000000e+00
6.900000000000003908e-01 0.000000000000000000e+00 0.000000000000000000e+00
8.800000000000005596e-01 0.000000000000000000e+00 0.000000000000000000e+00
9.800000000000006484e-01 0.000000000000000000e+00 1.000000000000000021e-02
9.400000000000006128e-01 1.000000000000000021e-02 0.000000000000000000e+00
9.800000000000006484e-01 4.000000000000000083e-02 0.000000000000000000e+00
9.900000000000006573e-01 1.199999999999999817e-01 1.000000000000000021e-02
1.000000000000000666e+00 9.999999999999999167e-02 5.000000000000000278e-02
1.000000000000000666e+00 2.700000000000000733e-01 7.000000000000000666e-02
1.000000000000000666e+00 2.600000000000000644e-01 9.999999999999999167e-02
1.000000000000000666e+00 4.400000000000002243e-01 2.000000000000000389e-01
1.000000000000000666e+00 5.700000000000002842e-01 2.400000000000000744e-01
1.000000000000000666e+00 7.000000000000003997e-01 3.900000000000001799e-01
1.000000000000000666e+00 7.200000000000004174e-01 4.500000000000002331e-01
1.000000000000000666e+00 7.600000000000004530e-01 5.300000000000002487e-01
1.000000000000000666e+00 8.500000000000005329e-01 6.800000000000003819e-01
1.000000000000000666e+00 9.100000000000005862e-01 6.700000000000003730e-01
1.000000000000000666e+00 8.900000000000005684e-01 7.500000000000004441e-01
1.000000000000000666e+00 9.400000000000006128e-01 8.200000000000005063e-01
1.000000000000000666e+00 9.800000000000006484e-01 8.300000000000005151e-01
1.000000000000000666e+00 9.500000000000006217e-01 8.600000000000005418e-01
1.000000000000000666e+00 9.600000000000006306e-01 9.600000000000006306e-01
1.000000000000000666e+00 1.000000000000000666e+00 9.000000000000005773e-01
1.000000000000000666e+00 9.800000000000006484e-01 9.300000000000006040e-01
1.000000000000000666e+00 1.000000000000000666e+00 9.400000000000006128e-01
1.000000000000000666e+00 9.900000000000006573e-01 9.700000000000006395e-01
1.000000000000000666e+00 1.000000000000000666e+00 9.900000000000006573e-01
1.000000000000000666e+00 1.000000000000000666e+00 1.000000000000000666e+00
1.000000000000000666e+00 1.000000000000000666e+00 1.000000000000000666e+00
1.000000000000000666e+00 1.000000000000000666e+00 9.600000000000006306e-01
1.000000000000000666e+00 1.000000000000000666e+00 9.900000000000006573e-01
1.000000000000000666e+00 1.000000000000000666e+00 1.000000000000000666e+00
1.000000000000000666e+00 1.000000000000000666e+00 9.900000000000006573e-01
1.000000000000000666e+00 1.000000000000000666e+00 9.900000000000006573e-01
