0.000000000000000000e+00 0.000000000000000000e+00 0.000000000000000000e+00
0.000000000000000000e+00 0.000000000000000000e+00 0.000000000000000000e+00
0.000000000000000000e+00 0.000000000000000000e+00 0.000000000000000000e+00
0.000000000000000000e+00 0.000000000000000000e+00 0.000000000000000000e+00
0.000000000000000000e+00 0.000000000000000000e+00 0.000000000000000000e+00
0.000000000000000000e+00 0.000000000000000000e+00 0.000000000000000000e+00
0.000000000000000000e+00 0.000000000000000000e+00 0.000000000000000000e+00
0.000000000000000000e+00 0.000000000000000000e+00 0.000000000000000000e+00
1.000000000000000021e-02 0.000000000000000000e+00 0.000000000000000000e+00
1.800000000000000211e-01 0.000000000000000000e+00 0.000000000000000000e+00
3.500000000000001443e-01 7.000000000000000666e-02 0.000000000000000000e+00
5.800000000000002931e-01 2.200000000000000566e-01 0.000000000000000000e+00
9.200000000000005951e-01 6.100000000000003197e-01 0.000000000000000000e+00
9.200000000000005951e-01 7.100000000000004086e-01 0.000000000000000000e+00
9.700000000000006395e-01 9.200000000000005951e-01 0.000000000000000000e+00
9.800000000000006484e-01 9.400000000000006128e-01 0.000000000000000000e+00
9.900000000000006573e-01 9.900000000000006573e-01 0.000000000000000000e+00
9.800000000000006484e-01 9.900000000000006573e-01 0.000000000000000000e+00
9.900000000000006573e-01 1.000000000000000666e+00 0.000000000000000000e+00
9.900000000000006573e-01 1.000000000000000666e+00 0.000000000000000000e+00
9.900000000000006573e-01 9.900000000000006573e-01 0.000000000000000000e+00
9.800000000000006484e-01 1.000000000000000666e+00 0.000000000000000000e+00
1.000000000000000666e+00 1.000000000000000666e+00 0.000000000000000000e+00
9.800000000000006484e-01 1.000000000000000666e+00 2.000000000000000042e-02
9.700000000000006395e-01 9.900000000000006573e-01 7.000000000000000666e-02
9.900000000000006573e-01 9.900000000000006573e-01 8.000000000000000167e-02
9.800000000000006484e-01 1.000000000000000666e+00 1.299999999999999767e-01
9.000000000000005773e-01 9.600000000000006306e-01 2.300000000000000655e-01
9.800000000000006484e-01 9.900000000000006573e-01 2.100000000000000477e-01
9.700000000000006395e-01 9.900000000000006573e-01 4.800000000000002598e-01
9.600000000000006306e-01 9.800000000000006484e-01 5.000000000000002220e-01
9.800000000000006484e-01 9.900000000000006573e-01 5.800000000000002931e-01
9.700000000000006395e-01 1.000000000000000666e+00 7.300000000000004263e-01
9.700000000000006395e-01 9.900000000000006573e-01 8.400000000000005240e-01
9.400000000000006128e-01 9.900000000000006573e-01 9.000000000000005773e-01
9.400000000000006128e-01 9.900000000000006573e-01 8.500000000000005329e-01
9.900000000000006573e-01 1.000000000000000666e+00 8.800000000000005596e-01
9.900000000000006573e-01 1.000000000000000666e+00 9.400000000000006128e-01
9.900000000000006573e-01 9.900000000000006573e-01 9.600000000000006306e-01
9.600000000000006306e-01 9.700000000000006395e-01 9.700000000000006395e-01
9.500000000000006217e-01 9.700000000000006395e-01 9.400000000000006128e-01
9.800000000000006484e-01 1.000000000000000666e+00 9.900000000000006573e-01
9.500000000000006217e-01 9.900000000000006573e-01 1.000000000000000666e+00
9.800000000000006484e-01 1.000000000000000666e+00 9.300000000000006040e-01
9.100000000000005862e-01 9.400000000000006128e-01 9.800000000000006484e-01
9.400000000000006128e-01 1.000000000000000666e+00 9.800000000000006484e-01
1.000000000000000666e+00 1.000000000000000666e+00 9.900000000000006573e-01
9.600000000000006306e-01 9.900000000000006573e-01 9.200000000000005951e-01
9.300000000000006040e-01 9.800000000000006484e-01 9.700000000000006395e-01
9.100000000000005862e-01 9.700000000000006395e-01 9.400000000000006128e-01
9.200000000000005951e-01 9.800000000000006484e-01 9.700000000000006395e-01
9.500000000000006217e-01 9.800000000000006484e-01 9.600000000000006306e-01
9.700000000000006395e-01 1.000000000000000666e+00 9.800000000000006484e-01
9.500000000000006217e-01 1.000000000000000666e+00 9.600000000000006306e-01
9.300000000000006040e-01 9.800000000000006484e-01 9.600000000000006306e-01
9.900000000000006573e-01 9.900000000000006573e-01 9.600000000000006306e-01
9.500000000000006217e-01 9.800000000000006484e-01 9.000000000000005773e-01
9.500000000000006217e-01 1.000000000000000666e+00 9.500000000000006217e-01
9.500000000000006217e-01 9.900000000000006573e-01 9.900000000000006573e-01
