0.000000000000000000e+00 1.250000000000000069e-02 1.250000000000000069e-02
0.000000000000000000e+00 0.000000000000000000e+00 0.000000000000000000e+00
1.071428571428571438e-02 1.071428571428571438e-02 1.071428571428571438e-02
7.142857142857142634e-03 9.523809523809522934e-03 9.523809523809522934e-03
1.093749999999999931e-02 1.718750000000000139e-02 1.250000000000000069e-02
3.658536585365853439e-03 9.756097560975609748e-03 4.878048780487804874e-03
3.508771929824561035e-03 8.771929824561403022e-03 4.385964912280701511e-03
5.303030303030303351e-03 9.090909090909090468e-03 6.060606060606060601e-03
1.075949367088607604e-02 1.582278481012658333e-02 1.139240506329113924e-02
9.890109890109889668e-03 1.153846153846153910e-02 9.890109890109889668e-03
7.766990291262135596e-03 1.407766990291262066e-02 1.067961165048543666e-02
1.039999999999999952e-02 1.400000000000000203e-02 1.000000000000000021e-02
7.352941176470588133e-03 1.029411764705882339e-02 9.191176470588235600e-03
7.770270270270269834e-03 1.047297297297297355e-02 1.047297297297297355e-02
7.324840764331210299e-03 1.146496815286624296e-02 9.235668789808916881e-03
1.011904761904761953e-02 1.369047619047619214e-02 1.160714285714285754e-02
8.426966292134831227e-03 1.292134831460674260e-02 9.831460674157303098e-03
1.076923076923077052e-02 1.384615384615384658e-02 1.153846153846153910e-02
7.932692307692307265e-03 1.105769230769230657e-02 9.134615384615383388e-03
1.004464285714285789e-02 1.294642857142857227e-02 9.374999999999999653e-03
