0.000000000000000000e+00 0.000000000000000000e+00 0.000000000000000000e+00
0.000000000000000000e+00 0.000000000000000000e+00 0.000000000000000000e+00
0.000000000000000000e+00 0.000000000000000000e+00 0.000000000000000000e+00
0.000000000000000000e+00 0.000000000000000000e+00 0.000000000000000000e+00
3.731343283582089589e-04 3.731343283582089589e-04 0.000000000000000000e+00
3.807106598984771493e-04 7.614213197969542987e-04 5.076142131979694602e-04
0.000000000000000000e+00 1.858736059479553870e-04 0.000000000000000000e+00
2.801120448179271515e-04 2.801120448179271515e-04 7.002801120448178787e-05
0.000000000000000000e+00 0.000000000000000000e+00 0.000000000000000000e+00
8.818342151675484248e-05 8.818342151675484248e-05 1.322751322751322569e-04
2.170767004341534064e-04 1.085383502170767032e-04 3.617945007235889881e-05
3.039513677811550221e-05 0.000000000000000000e+00 3.039513677811550221e-05
1.028806584362140032e-04 2.829218106995885123e-04 2.572016460905350081e-05
1.102779003087781191e-04 1.323334803705337646e-04 0.000000000000000000e+00
3.819709702062643036e-05 7.639419404125286073e-05 1.909854851031321518e-05
3.342245989304812911e-05 6.684491978609625822e-05 0.000000000000000000e+00
5.896226415094339669e-05 5.896226415094339669e-05 2.948113207547169834e-05
5.249343832020997574e-05 1.181102362204724420e-04 5.249343832020997574e-05
5.872680291284942695e-05 9.396288466055908854e-05 4.698144233027954427e-05
3.173931443080829683e-05 1.163774862462970793e-04 2.115954295387219563e-05
