2.333333333333333093e-02 3.333333333333333287e-02 2.666666666666666491e-02
6.698412698412700012e-03 1.173015873015873303e-02 4.476190476190477358e-03
4.412698412698411524e-03 8.366300366300366900e-03 4.188034188034187380e-03
4.875434055562487441e-03 6.296977523248963732e-03 4.275952396336064193e-03
2.526276074725733456e-03 4.829224343693301266e-03 3.711469274438271380e-03
3.852560981617823149e-03 4.412590204769761999e-03 3.543811981314489747e-03
3.401884500452932985e-03 4.069064265645247827e-03 3.623944008132153841e-03
2.586619561250401260e-03 3.012555361066379146e-03 2.672732119131374182e-03
2.709555714664669233e-03 3.627536252310085800e-03 2.529306130167480789e-03
2.494199351674256018e-03 4.137737338829561469e-03 3.126052540830245863e-03
3.420770971749594481e-03 4.584391172224873412e-03 2.718246623897052627e-03
3.528703155612837941e-03 3.341586727264577242e-03 3.654855516947293388e-03
3.812918149277652515e-03 4.174485035535776926e-03 3.109554117634793016e-03
3.548258653342886617e-03 4.455429922828105065e-03 4.382498890336108087e-03
3.541739570732372732e-03 4.068535884834112090e-03 3.493803514440676442e-03
4.170370796285292544e-03 4.079080783475327703e-03 3.280240511419497268e-03
3.604167655563182866e-03 4.236675790293943644e-03 3.573167385919677648e-03
4.034256961528233723e-03 4.305038980729750629e-03 3.973535280932893529e-03
3.538595094026548548e-03 3.751422445557778089e-03 3.523992198654951960e-03
4.177595766467691492e-03 4.240281113716079346e-03 3.721291966363808688e-03
