0.000000000000000000e+00 0.000000000000000000e+00 0.000000000000000000e+00
0.000000000000000000e+00 0.000000000000000000e+00 0.000000000000000000e+00
0.000000000000000000e+00 0.000000000000000000e+00 0.000000000000000000e+00
0.000000000000000000e+00 0.000000000000000000e+00 0.000000000000000000e+00
0.000000000000000000e+00 0.000000000000000000e+00 0.000000000000000000e+00
0.000000000000000000e+00 0.000000000000000000e+00 0.000000000000000000e+00
0.000000000000000000e+00 0.000000000000000000e+00 0.000000000000000000e+00
0.000000000000000000e+00 0.000000000000000000e+00 0.000000000000000000e+00
0.000000000000000000e+00 0.000000000000000000e+00 0.000000000000000000e+00
0.000000000000000000e+00 0.000000000000000000e+00 0.000000000000000000e+00
0.000000000000000000e+00 0.000000000000000000e+00 0.000000000000000000e+00
0.000000000000000000e+00 0.000000000000000000e+00 0.000000000000000000e+00
0.000000000000000000e+00 0.000000000000000000e+00 0.000000000000000000e+00
0.000000000000000000e+00 0.000000000000000000e+00 0.000000000000000000e+00
0.000000000000000000e+00 0.000000000000000000e+00 0.000000000000000000e+00
2.000000000000000042e-02 0.000000000000000000e+00 0.000000000000000000e+00
1.000000000000000021e-02 0.000000000000000000e+00 0.000000000000000000e+00
1.000000000000000021e-02 0.000000000000000000e+00 0.000000000000000000e+00
4.000000000000000083e-02 0.000000000000000000e+00 0.000000000000000000e+00
4.000000000000000083e-02 0.000000000000000000e+00 0.000000000000000000e+00
6.000000000000000472e-02 0.000000000000000000e+00 0.000000000000000000e+00
1.099999999999999867e-01 0.000000000000000000e+00 0.000000000000000000e+00
1.099999999999999867e-01 0.000000000000000000e+00 0.000000000000000000e+00
2.400000000000000744e-01 0.000000000000000000e+00 0.000000000000000000e+00
3.400000000000001354e-01 0.000000000000000000e+00 0.000000000000000000e+00
2.400000000000000744e-01 0.000000000000000000e+00 0.000000000000000000e+00
3.100000000000001088e-01 0.000000000000000000e+00 0.000000000000000000e+00
4.700000000000002509e-01 0.000000000000000000e+00 0.000000000000000000e+00
4.400000000000002243e-01 0.000000000000000000e+00 0.000000000000000000e+00
6.300000000000003375e-01 0.000000000000000000e+00 0.000000000000000000e+00
6.100000000000003197e-01 0.000000000000000000e+00 0.000000000000000000e+00
6.400000000000003464e-01 0.000000000000000000e+00 0.000000000000000000e+00
7.500000000000004441e-01 0.000000000000000000e+00 0.000000000000000000e+00
7.300000000000004263e-01 0.000000000000000000e+00 0.000000000000000000e+00
7.600000000000004530e-01 0.000000000000000000e+00 0.000000000000000000e+00
8.300000000000005151e-01 0.000000000000000000e+00 0.000000000000000000e+00
8.000000000000004885e-01 0.000000000000000000e+00 0.000000000000000000e+00
8.900000000000005684e-01 0.000000000000000000e+00 0.000000000000000000e+00
9.300000000000006040e-01 0.000000000000000000e+00 0.000000000000000000e+00
8.700000000000005507e-01 0.000000000000000000e+00 0.000000000000000000e+00
9.600000000000006306e-01 0.000000000000000000e+00 0.000000000000000000e+00
9.900000000000006573e-01 0.000000000000000000e+00 0.000000000000000000e+00
9.700000000000006395e-01 0.000000000000000000e+00 0.000000000000000000e+00
1.000000000000000666e+00 0.000000000000000000e+00 0.000000000000000000e+00
9.700000000000006395e-01 0.000000000000000000e+00 0.000000000000000000e+00
9.900000000000006573e-01 0.000000000000000000e+00 0.000000000000000000e+00
9.700000000000006395e-01 0.000000000000000000e+00 0.000000000000000000e+00
9.900000000000006573e-01 0.000000000000000000e+00 0.000000000000000000e+00
9.800000000000006484e-01 0.000000000000000000e+00 0.000000000000000000e+00
1.000000000000000666e+00 0.000000000000000000e+00 0.000000000000000000e+00
1.000000000000000666e+00 0.000000000000000000e+00 0.000000000000000000e+00
9.800000000000006484e-01 0.000000000000000000e+00 0.000000000000000000e+00
9.900000000000006573e-01 2.000000000000000042e-02 0.000000000000000000e+00
9.900000000000006573e-01 0.000000000000000000e+00 0.000000000000000000e+00
1.000000000000000666e+00 2.000000000000000042e-02 0.000000000000000000e+00
1.000000000000000666e+00 2.000000000000000042e-02 0.000000000000000000e+00
1.000000000000000666e+00 5.000000000000000278e-02 1.000000000000000021e-02
1.000000000000000666e+00 2.000000000000000042e-02 0.000000000000000000e+00
1.000000000000000666e+00 4.000000000000000083e-02 0.000000000000000000e+00
9.900000000000006573e-01 8.000000000000000167e-02 0.000000000000000000e+00
1.000000000000000666e+00 1.199999999999999817e-01 1.000000000000000021e-02
1.000000000000000666e+00 9.999999999999999167e-02 0.000000000000000000e+00
9.900000000000006573e-01 1.099999999999999867e-01 0.000000000000000000e+00
1.000000000000000666e+00 1.099999999999999867e-01 0.000000000000000000e+00
1.000000000000000666e+00 1.099999999999999867e-01 2.000000000000000042e-02
1.000000000000000666e+00 2.300000000000000655e-01 4.000000000000000083e-02
1.000000000000000666e+00 1.800000000000000211e-01 4.000000000000000083e-02
1.000000000000000666e+00 2.400000000000000744e-01 2.999999999999999889e-02
1.000000000000000666e+00 1.900000000000000300e-01 5.000000000000000278e-02
1.000000000000000666e+00 3.900000000000001799e-01 8.999999999999999667e-02
1.000000000000000666e+00 2.700000000000000733e-01 5.000000000000000278e-02
1.000000000000000666e+00 4.100000000000001976e-01 1.099999999999999867e-01
1.000000000000000666e+00 3.600000000000001532e-01 8.999999999999999667e-02
1.000000000000000666e+00 3.800000000000001710e-01 1.099999999999999867e-01
1.000000000000000666e+00 4.200000000000002065e-01 1.299999999999999767e-01
1.000000000000000666e+00 3.900000000000001799e-01 1.099999999999999867e-01
9.900000000000006573e-01 5.400000000000002576e-01 1.700000000000000122e-01
1.000000000000000666e+00 5.700000000000002842e-01 2.300000000000000655e-01
1.000000000000000666e+00 5.600000000000002753e-01 2.200000000000000566e-01
1.000000000000000666e+00 5.900000000000003020e-01 2.900000000000000910e-01
1.000000000000000666e+00 6.000000000000003109e-01 2.600000000000000644e-01
1.000000000000000666e+00 5.800000000000002931e-01 2.600000000000000644e-01
1.000000000000000666e+00 7.300000000000004263e-01 3.900000000000001799e-01
9.900000000000006573e-01 6.900000000000003908e-01 3.300000000000001266e-01
1.000000000000000666e+00 6.900000000000003908e-01 2.900000000000000910e-01
1.000000000000000666e+00 6.900000000000003908e-01 4.700000000000002509e-01
9.900000000000006573e-01 7.900000000000004796e-01 4.500000000000002331e-01
1.000000000000000666e+00 7.200000000000004174e-01 3.900000000000001799e-01
9.900000000000006573e-01 8.300000000000005151e-01 5.200000000000002398e-01
1.000000000000000666e+00 8.100000000000004974e-01 5.000000000000002220e-01
1.000000000000000666e+00 8.300000000000005151e-01 5.400000000000002576e-01
1.000000000000000666e+00 8.000000000000004885e-01 5.900000000000003020e-01
1.000000000000000666e+00 8.400000000000005240e-01 6.300000000000003375e-01
1.000000000000000666e+00 8.200000000000005063e-01 6.500000000000003553e-01
9.900000000000006573e-01 8.000000000000004885e-01 6.500000000000003553e-01
1.000000000000000666e+00 8.200000000000005063e-01 5.900000000000003020e-01
9.900000000000006573e-01 8.600000000000005418e-01 6.400000000000003464e-01
1.000000000000000666e+00 8.500000000000005329e-01 6.300000000000003375e-01
1.000000000000000666e+00 9.100000000000005862e-01 6.900000000000003908e-01
1.000000000000000666e+00 8.800000000000005596e-01 7.300000000000004263e-01
1.000000000000000666e+00 9.100000000000005862e-01 7.400000000000004352e-01
1.000000000000000666e+00 8.600000000000005418e-01 7.100000000000004086e-01
1.000000000000000666e+00 8.600000000000005418e-01 7.900000000000004796e-01
1.000000000000000666e+00 9.200000000000005951e-01 7.500000000000004441e-01
1.000000000000000666e+00 8.500000000000005329e-01 8.800000000000005596e-01
1.000000000000000666e+00 8.800000000000005596e-01 7.800000000000004707e-01
1.000000000000000666e+00 9.400000000000006128e-01 7.700000000000004619e-01
1.000000000000000666e+00 9.200000000000005951e-01 8.500000000000005329e-01
9.900000000000006573e-01 9.100000000000005862e-01 8.300000000000005151e-01
9.900000000000006573e-01 9.800000000000006484e-01 8.600000000000005418e-01
1.000000000000000666e+00 8.700000000000005507e-01 8.300000000000005151e-01
1.000000000000000666e+00 9.600000000000006306e-01 8.200000000000005063e-01
1.000000000000000666e+00 9.200000000000005951e-01 8.600000000000005418e-01
1.000000000000000666e+00 9.200000000000005951e-01 8.500000000000005329e-01
1.000000000000000666e+00 9.600000000000006306e-01 8.600000000000005418e-01
1.000000000000000666e+00 9.400000000000006128e-01 9.000000000000005773e-01
1.000000000000000666e+00 9.600000000000006306e-01 9.200000000000005951e-01
1.000000000000000666e+00 9.800000000000006484e-01 8.700000000000005507e-01
1.000000000000000666e+00 9.700000000000006395e-01 9.200000000000005951e-01
1.000000000000000666e+00 9.500000000000006217e-01 8.800000000000005596e-01
1.000000000000000666e+00 9.600000000000006306e-01 9.100000000000005862e-01
1.000000000000000666e+00 9.400000000000006128e-01 9.200000000000005951e-01
1.000000000000000666e+00 9.600000000000006306e-01 9.100000000000005862e-01
9.900000000000006573e-01 9.700000000000006395e-01 9.400000000000006128e-01
1.000000000000000666e+00 9.300000000000006040e-01 9.400000000000006128e-01
1.000000000000000666e+00 9.700000000000006395e-01 9.400000000000006128e-01
1.000000000000000666e+00 9.600000000000006306e-01 8.900000000000005684e-01
1.000000000000000666e+00 9.600000000000006306e-01 9.000000000000005773e-01
1.000000000000000666e+00 9.900000000000006573e-01 9.500000000000006217e-01
1.000000000000000666e+00 9.700000000000006395e-01 9.700000000000006395e-01
1.000000000000000666e+00 9.600000000000006306e-01 9.100000000000005862e-01
1.000000000000000666e+00 9.500000000000006217e-01 9.000000000000005773e-01
9.900000000000006573e-01 9.300000000000006040e-01 9.600000000000006306e-01
1.000000000000000666e+00 9.800000000000006484e-01 9.800000000000006484e-01
1.000000000000000666e+00 9.600000000000006306e-01 9.100000000000005862e-01
1.000000000000000666e+00 9.800000000000006484e-01 9.600000000000006306e-01
1.000000000000000666e+00 9.600000000000006306e-01 9.500000000000006217e-01
1.000000000000000666e+00 9.600000000000006306e-01 9.300000000000006040e-01
9.900000000000006573e-01 9.400000000000006128e-01 9.800000000000006484e-01
1.000000000000000666e+00 9.700000000000006395e-01 9.400000000000006128e-01
1.000000000000000666e+00 9.800000000000006484e-01 9.600000000000006306e-01
1.000000000000000666e+00 9.800000000000006484e-01 9.200000000000005951e-01
1.000000000000000666e+00 9.900000000000006573e-01 9.600000000000006306e-01
1.000000000000000666e+00 9.500000000000006217e-01 9.700000000000006395e-01
1.000000000000000666e+00 9.300000000000006040e-01 9.900000000000006573e-01
1.000000000000000666e+00 9.700000000000006395e-01 9.700000000000006395e-01
1.000000000000000666e+00 9.700000000000006395e-01 9.800000000000006484e-01
1.000000000000000666e+00 9.600000000000006306e-01 9.400000000000006128e-01
1.000000000000000666e+00 9.900000000000006573e-01 9.700000000000006395e-01
1.000000000000000666e+00 9.600000000000006306e-01 9.800000000000006484e-01
1.000000000000000666e+00 9.600000000000006306e-01 9.500000000000006217e-01
1.000000000000000666e+00 9.800000000000006484e-01 9.800000000000006484e-01
1.000000000000000666e+00 9.600000000000006306e-01 9.400000000000006128e-01
1.000000000000000666e+00 9.500000000000006217e-01 9.800000000000006484e-01
1.000000000000000666e+00 9.700000000000006395e-01 9.800000000000006484e-01
1.000000000000000666e+00 1.000000000000000666e+00 9.800000000000006484e-01
9.900000000000006573e-01 9.300000000000006040e-01 9.700000000000006395e-01
1.000000000000000666e+00 9.600000000000006306e-01 9.500000000000006217e-01
1.000000000000000666e+00 9.500000000000006217e-01 9.500000000000006217e-01
1.000000000000000666e+00 9.800000000000006484e-01 9.800000000000006484e-01
1.000000000000000666e+00 9.300000000000006040e-01 8.900000000000005684e-01
1.000000000000000666e+00 9.800000000000006484e-01 9.500000000000006217e-01
1.000000000000000666e+00 9.700000000000006395e-01 9.700000000000006395e-01
1.000000000000000666e+00 9.800000000000006484e-01 9.300000000000006040e-01
9.900000000000006573e-01 9.700000000000006395e-01 9.500000000000006217e-01
1.000000000000000666e+00 9.800000000000006484e-01 9.800000000000006484e-01
1.000000000000000666e+00 9.500000000000006217e-01 9.500000000000006217e-01
1.000000000000000666e+00 9.500000000000006217e-01 9.700000000000006395e-01
9.900000000000006573e-01 9.600000000000006306e-01 9.700000000000006395e-01
1.000000000000000666e+00 1.000000000000000666e+00 9.700000000000006395e-01
