2.000000000000000042e-02 3.250000000000000111e-02 4.250000000000000305e-02
5.555555555555546227e-02 9.872222222222204469e-02 1.093888888888887162e-01
9.090476190476184937e-02 1.397202380952381473e-01 1.608035714285715734e-01
9.528128126640705853e-02 1.422369733622591559e-01 1.557783106481618329e-01
1.203344359660753482e-01 1.849588198681288154e-01 2.069025906310043017e-01
1.151660324497418425e-01 1.806309071182427284e-01 2.083454352176465074e-01
1.364536176422217473e-01 2.040404595948196453e-01 2.286846189972012999e-01
1.480417866842300423e-01 2.156334053628892189e-01 2.345963847006311553e-01
1.668487566600839744e-01 2.393448642723899067e-01 2.604854325362604417e-01
1.699171073237276952e-01 2.382579767928837688e-01 2.583582514145936759e-01
1.615874134834273113e-01 2.350658824664002555e-01 2.556553418307226933e-01
1.745879684127896458e-01 2.464108447231969645e-01 2.624037024758480996e-01
1.524368077650981312e-01 2.288815234530417742e-01 2.477252658722386147e-01
1.723589870300332449e-01 2.469248694504187769e-01 2.685804208102503532e-01
1.783323684333164294e-01 2.522928582353266558e-01 2.752352164785407118e-01
1.799109859009850598e-01 2.525579451536811848e-01 2.763187066730838914e-01
1.697013132664892121e-01 2.457672270333298992e-01 2.673843506174754525e-01
1.708922535422644218e-01 2.538487993084206917e-01 2.773076977491045203e-01
1.703260817426325568e-01 2.491562791709313052e-01 2.706200470767367028e-01
1.829237388850334101e-01 2.645979753579513760e-01 2.869275948227189010e-01
