1.000000000000000021e-02 1.416666666666666248e-02 1.916666666666665825e-02
5.472222222222222071e-03 8.265873015873009474e-03 8.142857142857135716e-03
3.975038070543685659e-03 5.026320121825736051e-03 4.423159237765975603e-03
2.973694055509837429e-03 3.390226578416119345e-03 4.161415195888514516e-03
3.159765866673725550e-03 4.129027367137860435e-03 3.939853055215175419e-03
2.849798122884724706e-03 4.580753596374402027e-03 3.128915588882908490e-03
2.696583050512301166e-03 3.749170621412010844e-03 2.911623839040143689e-03
2.516532698690189616e-03 3.351590352327199311e-03 2.811501832696032457e-03
2.629871536555859843e-03 3.286056088390912951e-03 2.867846847252590418e-03
2.143028677219899897e-03 2.872616979850653018e-03 2.332498848372584980e-03
2.267883940613450028e-03 2.624015393380241951e-03 2.358996145982586619e-03
1.852084627855598827e-03 2.406510004086312177e-03 2.018246541120247584e-03
1.661579575443453789e-03 2.324353964363660898e-03 2.003625644164085551e-03
1.627888697396718577e-03 2.046568352268928349e-03 1.782098526979917141e-03
1.528783363676881933e-03 2.115494063297886345e-03 1.731403227959031274e-03
1.366814919977587433e-03 1.983986721127176285e-03 1.659265044952263528e-03
1.365141032797855198e-03 1.818121713332589628e-03 1.602712918750476582e-03
1.430050448595908234e-03 1.735786671662068641e-03 1.451010838481558464e-03
1.270277066907679045e-03 1.573366303769579673e-03 1.411231427877541111e-03
1.162922501770750645e-03 1.581653258205838143e-03 1.261260561797259696e-03
