2.098999999999997396e-02 3.275499999999998552e-02 5.276600000000000214e-03 2.213999999999997220e-02
2.588109999999996941e-02 3.942999999999997202e-02 6.547499999999991695e-03 2.708099999999996968e-02
2.955099999999995924e-02 4.574999999999995043e-02 7.709749999999983977e-03 3.073209999999998096e-02
3.148499999999996440e-02 4.642624999999998836e-02 7.905499999999990660e-03 3.263499999999996959e-02
3.241529999999999412e-02 4.833664999999998796e-02 7.928999999999984671e-03 3.335909999999998182e-02
3.323545000000000665e-02 4.982250000000000567e-02 8.124749999999984415e-03 3.481649999999998635e-02
3.414989999999998305e-02 5.056809999999998390e-02 8.239799999999993310e-03 3.516809999999997993e-02
3.394224999999997938e-02 5.098124999999998491e-02 8.423399999999983678e-03 3.589234999999998954e-02
3.424724999999998604e-02 5.227950000000001346e-02 8.500449999999985795e-03 3.590275000000000410e-02
3.524309999999999943e-02 5.143459999999998311e-02 8.626849999999986265e-03 3.692745000000000055e-02
3.497699999999997339e-02 5.255740000000001105e-02 8.538949999999989604e-03 3.650289999999999785e-02
3.550380000000000202e-02 5.316425000000004480e-02 8.544799999999986087e-03 3.685659999999999631e-02
3.542219999999998009e-02 5.269985000000006192e-02 8.550449999999990697e-03 3.687434999999996549e-02
3.526674999999997173e-02 5.338260000000003003e-02 8.706049999999986022e-03 3.707214999999999816e-02
3.584004999999997748e-02 5.311735000000004231e-02 8.707949999999985147e-03 3.712759999999998284e-02
3.603310000000001234e-02 5.327055000000001372e-02 8.805949999999986011e-03 3.727934999999998888e-02
3.603624999999999884e-02 5.360649999999998749e-02 8.726449999999986301e-03 3.776265000000000871e-02
3.613125000000001058e-02 5.345659999999999301e-02 8.754799999999986204e-03 3.715380000000000765e-02
3.603419999999998152e-02 5.476579999999999643e-02 8.816599999999981743e-03 3.783414999999999001e-02
3.621614999999999557e-02 5.481025000000002562e-02 8.881349999999985784e-03 3.764415000000000122e-02
