2.421527612773769766e-01 3.460420966750503702e-01 3.713615346917742976e-01
1.835951661911993937e-01 2.644656175663483988e-01 2.851282264746848316e-01
1.550047470862905841e-01 2.244239689521336234e-01 2.461936195895564894e-01
1.374394126955717499e-01 2.002633621363671956e-01 2.187412868657503395e-01
1.279447441780983130e-01 1.800465470682671154e-01 2.031185325381618667e-01
1.174331773349066993e-01 1.713321881204012131e-01 1.865762416187470296e-01
1.104129994106207990e-01 1.602623148523992236e-01 1.773699545402021016e-01
1.050256277178230196e-01 1.520724079963999831e-01 1.713087642194727478e-01
1.001254800215956309e-01 1.455231050142550553e-01 1.583382210925194100e-01
9.791536012837402658e-02 1.396870627673111598e-01 1.526727988046198692e-01
9.349685318707570691e-02 1.344351521998510823e-01 1.483847702340765906e-01
8.906213941880861129e-02 1.292227776576294895e-01 1.462799704612050555e-01
8.680089472766064351e-02 1.249404325159717971e-01 1.442453928102532257e-01
8.498958016709338981e-02 1.232038528942106109e-01 1.395962571814943209e-01
8.272624617250409762e-02 1.188372824756962903e-01 1.359680501606248537e-01
7.952502757517640464e-02 1.152071761093274721e-01 1.328759719917295690e-01
7.907862192466139084e-02 1.149762774741484306e-01 1.262132826836179222e-01
7.755639584590194591e-02 1.111864715363648781e-01 1.228654594981986314e-01
7.487451364705872969e-02 1.086927468471309555e-01 1.210215461808147319e-01
7.447881964935602894e-02 1.071722675688560888e-01 1.189399422408869283e-01
