1.132244910124109022e-03 1.622006053062044180e-03 1.474963386354140663e-03 1.307802732696028251e-03
9.366993175038051869e-04 1.341657443953212523e-03 1.136514933195762128e-03 9.461780477492458480e-04
8.003004651716591044e-04 1.197759777726947793e-03 1.030738062621973372e-03 8.584032073243989553e-04
7.051477556394257495e-04 1.076260830930102826e-03 9.631419114392431296e-04 7.315111290320907948e-04
6.565400069776198156e-04 1.056139054618830501e-03 7.104284938746437995e-04 6.406777133263990122e-04
6.257875411658313757e-04 9.355987596707329452e-04 8.055674191154367806e-04 6.849884814846548620e-04
5.824924147298811807e-04 9.482734383319137541e-04 6.376021070661501335e-04 5.941532028175404738e-04
5.465124982782959854e-04 9.249871802121230552e-04 6.141634054164933805e-04 5.888215558265081978e-04
5.761653524126626475e-04 8.330714089492748413e-04 7.357917614026605012e-04 5.930315528058371791e-04
4.989658872367307846e-04 8.087533970604761325e-04 6.628831458407602201e-04 4.989401683169339755e-04
5.000379244765980813e-04 7.717395946054497486e-04 5.730087224529215560e-04 5.084764794739556580e-04
4.747092516594812023e-04 7.294168495028678818e-04 5.529064208026851588e-04 5.095445367730164557e-04
4.746544935312964233e-04 7.537362602351844977e-04 4.788115483717700241e-04 4.894402962557309420e-04
4.640765295105747710e-04 8.033844996567254771e-04 4.493115132906619087e-04 4.915847445691348509e-04
4.810139629838860163e-04 7.294505660459482633e-04 4.386767681077356588e-04 4.820750460609702997e-04
4.925770708550453658e-04 7.124694956162993826e-04 4.461230000364930365e-04 4.397195279793047356e-04
4.206949217484727359e-04 6.194447979778463717e-04 5.508516863108526467e-04 4.672164634342534364e-04
4.344933370561169465e-04 6.268540808110450698e-04 5.222150068012679095e-04 4.524195104992928692e-04
4.407909237608057906e-04 6.321809876276024030e-04 5.476010994121642550e-04 4.756804602840889731e-04
4.027768370883237680e-04 6.120405068010465518e-04 5.127120125040343949e-04 4.577630409026212707e-04
