4.942205000000002291e-02 7.430714999999996073e-02 1.201654999999998870e-02
3.675449999999999551e-02 5.462990000000002982e-02 8.855849999999981098e-03
3.077129999999999449e-02 4.559059999999998114e-02 7.510749999999987055e-03
2.742119999999999627e-02 4.058295000000004121e-02 6.632549999999987067e-03
2.507209999999998606e-02 3.659155000000001434e-02 6.131049999999997266e-03
2.314364999999998784e-02 3.439054999999999196e-02 5.603699999999996184e-03
2.164929999999997551e-02 3.185275000000001994e-02 5.314999999999995943e-03
2.039954999999997812e-02 3.021729999999999208e-02 5.125949999999998043e-03
1.935354999999997980e-02 2.873639999999996059e-02 4.743449999999998015e-03
1.894424999999997847e-02 2.756879999999997666e-02 4.560799999999994199e-03
1.792209999999997902e-02 2.639834999999999751e-02 4.345399999999994926e-03
1.724559999999998594e-02 2.536829999999998947e-02 4.282949999999996309e-03
1.671634999999997359e-02 2.467744999999998273e-02 4.217649999999998137e-03
1.621099999999998931e-02 2.409729999999999511e-02 4.113749999999999352e-03
1.580159999999997816e-02 2.338169999999998444e-02 3.975450000000000164e-03
1.525289999999998591e-02 2.253969999999998891e-02 3.899749999999997836e-03
1.509524999999997327e-02 2.226179999999998438e-02 3.743200000000001214e-03
1.470349999999998047e-02 2.143629999999998106e-02 3.609799999999999814e-03
1.426339999999997644e-02 2.114549999999998722e-02 3.548250000000000622e-03
1.399644999999998321e-02 2.095789999999998071e-02 3.491600000000000086e-03
